3862597
3446799
1643136
1612652
1157927
1135539
981356
880659
828908
752058
733080
714449
627287
614801
573050
567248
534079
533184
517397
513410
505404
476841
411595
410398
380766
380314
368216
360130
359669
341472
340835
320874
319623
318717
317141
315495
299444
276735
274333
266259
266254
262651
261944
255233
235171
231067
224819
220640
219213
211549
210888
210816
209079
207520
201615
198517
196082
195926
195577
188252
187930
184880
183350
183157
162911
161431
161361
161356
161342
158072
155532
154799
149765
148812
148501
147988
147619
147052
146349
142719
138473
137945
136302
134041
133002
132541
132085
124076
122238
121504
117406
116363
116121
116015
114717
114369
114359
113697
113577
113552
111839
111486
110718
108161
106430
105454
104919
103978
103754
102463
102039
101121
100929
99718
98771
98039
97891
97857
96679
95161
94933
93934
93762
93641
93637
91250
90819
87570
86661
85371
84508
84313
84248
84057
82917
82173
81770
81759
81140
80156
78142
78047
77103
77069
76628
75773
75126
74362
74164
73818
72979
72268
71711
71663
71572
71329
71008
70796
70624
68521
68145
67188
67122
67063
66686
66187
65725
65502
65459
65014
64647
64607
64345
64075
63754
63212
61819
61313
60853
59788
59204
59157
58204
57821
57632
57319
57051
57025
56722
56197
55800
55400
55026
54720
54296
54106
53807
53552
53364
53066
52818
52707
52696
52640
52640
52588
52309
51585
51524
51091
50870
50817
50682
50601
50599
50387
49678
49401
49371
49290
49001
48945
48122
47519
46792
46787
46614
46491
45882
45580
45524
45330
45250
45040
44767
44655
44458
44429
44419
44329
44241
44125
44030
43986
43966
43711
43709
43699
43698
43697
43693
43691
43326
43183
43177
43168
43114
43074
42845
42671
42376
42297
42160
41626
41511
41422
41355
41207
41031
40853
40787
40642
40542
40339
40126
40079
39848
39649
39608
39349
39247
39155
38938
38376
37861
37586
37500
36834
36704
36531
36503
36381
36378
36059
36059
35902
35739
35738
35680
35565
35233
35185
35171
35045
34972
34832
34777
34600
34595
34251
34238
34174
34124
33562
33528
33515
33319
33091
33073
32910
32906
32657
32643
32281
32212
32193
32032
31784
31650
31630
31523
31418
31294
31271
31270
31239
31100
31053
31035
31009
31005
31005
31002
31001
31000
31000
31000
30999
30999
30998
30997
30997
30997
30997
30997
30997
30996
30996
30996
30996
30996
30995
30994
30994
30992
30992
30992
30990
30990
30989
30989
30989
30988
30988
30988
30986
30986
30985
30985
30984
30984
30984
30984
30983
30983
30982
30982
30982
30982
30982
30982
30981
30981
30981
30981
30981
30980
30745
30490
30453
30420
30195
30173
30144
30117
29970
29651
29335
28764
28596
28553
28462
28438
28416
28416
28351
28317
28315
28310
28185
28007
27993
27959
27958
27943
27919
27743
27429
26972
26607
26589
26532
26528
26447
26391
26351
26299
26233
25998
25845
25840
25641
25530
25416
25282
25252
25073
25057
24790
24752
24640
24500
24434
24414
24385
24280
24209
24176
24123
24059
23965
23914
23748
23674
23667
23532
23523
23515
23440
23373
23258
23251
23243
23241
23241
23240
23239
23239
23238
23161
23107
23078
22788
22582
22450
22450
22446
22417
22384
22267
22185
22184
22145
21988
21928
21887
21712
21666
21611
21595
21539
21537
21536
21536
21536
21536
21535
21535
21534
21534
21534
21534
21534
21448
21368
21310
21245
21241
21209
21088
21075
21016
20878
20875
20855
20820
20653
20597
20529
20527
20431
20393
20359
20333
20278
20260
20229
20155
20066
19915
19904
19889
19694
19653
19646
19623
19546
19530
19422
19337
19258
19247
19201
19148
18938
18913
18864
18790
18751
18592
18532
18461
18453
18421
18400
18383
18370
18294
18250
18212
18191
18175
18139
18111
18096
18013
17853
17787
17653
17623
17621
17616
17561
17512
17461
17455
17454
17281
17244
17089
16989
16976
16954
16894
16873
16870
16865
16834
16826
16789
16756
16749
16718
16716
16687
16639
16574
16558
16497
16495
16443
16423
16401
16391
16376
16306
16289
16220
16216
16177
16102
16047
16022
16002
15948
15861
15859
15759
15747
15703
15615
15604
15577
15492
15476
15463
15452
15449
15449
15351
15286
15249
15235
15230
15222
15182
15161
15082
14995
14994
14994
14984
14982
14979
14974
14971
14954
14941
14940
14925
14902
14873
14860
14853
14845
14831
14808
14782
14739
14739
14734
14683
14654
14652
14652
14638
14635
14618
14611
14597
14589
14562
14532
14511
14508
14466
14446
14433
14433
14424
14389
14363
14356
14348
14333
14307
14294
14282
14277
14262
14255
14227
14215
14211
14209
14162
14162
14161
14161
14155
14114
14108
14103
14095
13988
13962
13955
13953
13944
13935
13932
13903
13890
13865
13857
13857
13842
13833
13833
13829
13809
13788
13761
13754
13710
13683
13630
13576
13560
13517
13516
13413
13392
13317
13316
13302
13296
13272
13265
13252
13248
13208
13198
13151
13126
13115
13081
13051
13035
12956
12951
12941
12889
12884
12878
12875
12875
12839
12829
12829
12823
12817
12805
12805
12795
12775
12737
12727
12719
12712
12711
12711
