35722416
24168882
23187953
7139704
6666777
6615452
6519650
6101687
5473407
5083861
4214701
4029415
3812325
3697837
3611085
3610401
3562753
3521534
3295832
3154751
3134178
2930287
2823891
2678438
2659594
2467504
2346440
2081396
2035162
2011213
1953320
1904529
1896655
1879527
1864076
1739318
1664605
1609662
1602219
1524994
1409835
1407931
1381499
1348734
1330092
1278511
1270661
1232916
1229679
1210658
1155164
1122731
1103637
996171
980439
954089
938117
926074
915288
912367
910491
906352
859724
833688
826010
820941
811099
807413
799078
768935
766527
744603
725304
714505
711689
707470
685854
671454
670775
665105
664949
646004
637438
636858
632340
622515
618324
611879
611130
611087
610989
607822
603803
603247
598814
597572
592029
591313
584971
584609
574412
572942
566162
560845
556228
550923
550059
546665
545802
533735
529176
529167
518602
515081
511369
507188
499198
493151
492156
482728
470883
469557
467525
466876
465533
459656
456739
455792
454013
439989
435104
432229
431632
428796
423660
418029
406182
402244
389591
386440
378814
374049
370685
370299
368505
367323
367243
365213
363468
357712
357054
354053
351327
350334
348354
346244
342790
335895
331186
330330
329867
329339
326124
324113
323217
322101
320686
317972
315616
314332
312810
311858
310564
308258
305806
299611
290688
290502
290003
288711
286871
284905
284358
281077
279461
278332
277087
271970
267681
266207
266177
265465
261237
260331
259131
258298
252830
248806
245932
244888
243197
242048
240449
240344
238913
238022
237474
236292
236092
235643
234773
234640
230293
230080
229497
228797
225356
225090
224954
223609
221435
220435
217749
216602
216412
216369
216026
215642
215063
213661
213224
212602
212526
212056
211844
209265
209107
209000
208336
207453
206054
205304
201684
201277
200179
200061
198103
197686
197684
197484
196747
194844
193773
193528
191949
191370
191205
190182
190036
188921
188348
187111
182741
181700
181369
180032
179864
178108
174692
174090
173958
173905
173526
172642
172625
171734
171715
171641
168618
167933
167358
166891
166523
166352
166183
165274
164136
163724
163525
163030
162665
162647
162419
162076
161650
161445
161229
161090
160385
159487
159092
157997
156236
154308
153896
152133
151662
151606
150742
150141
148923
148233
147030
146909
146333
146064
145490
144953
144856
144536
144022
143394
143075
142864
142785
142560
142420
141692
140992
139422
139378
139374
138648
138585
138178
137902
137068
136928
136400
135798
135215
133955
133932
133552
132343
132064
131633
130959
130030
130015
129613
129222
129161
128598
128062
127969
127936
127854
127645
127301
126551
126536
125951
125542
125230
124946
123072
122976
122428
122222
121952
121561
121213
121015
120231
120209
119610
119392
118977
118382
118120
117691
117152
117121
116317
115777
115736
115549
115298
114789
114537
114446
114308
114185
114139
113479
113361
112957
112771
112466
112437
111397
110931
110508
110392
110290
110079
109868
109028
108804
108802
108153
107895
107331
107198
107177
107076
106711
106707
105393
105316
105131
105066
104812
104521
104378
104166
104144
103877
103623
103453
103272
103120
102859
102489
102489
102184
102118
101836
101729
101670
101431
101218
100857
100441
99817
99596
99528
99357
99321
99303
99298
99281
99158
98492
98348
98089
97986
97570
97484
97057
96233
95941
95806
95379
95203
95162
95108
94842
94620
94532
93783
93761
93688
93687
93532
93447
93195
92938
92337
92204
92070
92046
91956
91920
90957
90236
90035
90034
89931
89817
89643
89536
89535
89081
89000
88291
88250
87928
87781
87568
87177
86954
86545
86538
86431
86269
86244
85503
84782
84718
84516
84501
84467
84418
84342
84155
83858
83842
83715
83377
83093
82172
82107
82074
81994
81909
81770
81721
81644
81597
81238
81181
81100
80847
80666
80302
80220
79895
79600
79599
79598
79491
79361
79208
79140
79107
78942
78491
78453
78016
77944
77913
77705
77545
77480
77468
77158
77158
77120
77097
77048
76903
76844
76714
76645
76570
76328
76109
75949
75424
75154
74771
74707
74659
74470
74405
74316
74230
73764
73594
73144
72885
72473
72325
72073
71919
71823
71608
71527
71408
71218
71154
70980
70652
70445
70410
69646
69140
68738
68595
68177
67988
67944
67897
67767
67370
67229
67064
66681
66677
66540
66320
65798
65429
65238
65204
65159
64901
64811
64505
64377
64279
64206
64145
64113
63939
63724
63652
63489
63295
63210
63125
62932
62446
62131
62120
62101
61988
61901
61840
61816
61790
61674
61612
61338
60994
60969
60741
60714
60614
60605
60538
60408
60152
60036
59664
59639
59615
59566
59541
59539
59531
59528
59520
59452
59294
59248
59143
58979
58966
58753
58636
58121
58049
57946
57852
57621
57455
57429
57092
56954
56824
56755
56754
56576
56535
56435
56284
56176
56026
55980
55803
55638
55592
55557
55483
55446
55250
55164
55089
54843
54833
54751
54632
54510
54193
53894
53817
53775
53729
53301
53118
53044
52867
52809
52788
52787
52511
52495
52472
52438
52072
52041
51990
51921
51910
51689
51664
51502
51456
51441
51120
50988
50666
50654
50551
50354
50314
50047
50046
50027
49978
49828
49823
49697
49671
49593
49547
49472
49361
49308
49227
49125
49028
49006
48920
48618
48586
48553
48470
48394
48280
48156
48091
48047
47883
47834
47801
47707
47628
47623
47605
47559
47524
47523
47499
47456
47436
47300
47258
47080
46992
46976
46890
46889
46869
46676
46527
46477
46450
46446
46429
46265
46260
46213
46170
46118
46023
45979
45977
45907
45816
45789
45682
45605
45595
45386
45364
45301
45261
45169
45160
45105
45025
44998
44929
44892
44876
44859
44858
44556
44505
44467
44430
44313
44238
44200
44156
44088
44049
44003
43949
43892
43857
43756
43710
43707
43704
43701
43698
43697
43694
43693
43691
43691
43463
43438
43362
43341
43276
43198
43088
43079
43077
43075
43075
43033
43006
42954
42896
42711
42697
42656
42581
42358
42309
42289
41992
41731
41713
41511
41447
41353
41316
41190
41149
41058
40915
40758
40714
40637
40581
40579
40428
40417
40363
40264
40194
40178
40131
40006
39891
39809
39804
39772
39705
39645
39604
39588
39563
39462
39456
39384
39254
39150
39098
38737
38708
38698
38696
38680
38654
38642
38625
38584
38468
38439
38317
38306
38244
38197
38115
38047
38032
38019
38004
37981
37943
37822
37768
37743
37732
37698
37466
37459
37441
37412
37311
37241
37184
36990
36847
36798
36740
36724
36714
36668
36659
36640
36596
36594
36585
36578
36553
36474
36453
36423
36343
36330
36304
36271
36225
36223
36141
36003
35957
35949
35792
35754
35708
35680
35573
35568
35523
35512
35494
35456
35412
35358
35312
35308
35294
35234
35217
35210
35198
35106
35047
35023
34864
34816
34804
34740
34734
34707
34613
34486
34453
34401
34206
34171
34102
34020
34014
33963
33959
33951
33745
33702
33587
33575
33328
33306
33280
33241
33237
33230
33206
33166
33148
33090
32968
32963
32960
32828
32785
32763
32693
32675
32631
32622
32611
32596
32566
32466
32424
32411
32360
32327
32303
32256
32020
32019
31960
31942
31883
31860
31857
31799
31777
31760
31620
31593
31553
31486
31485
31441
31413
31404
31393
31340
31308
31270
31237
31227
31210
31209
31206
31200
31197
31172
31159
31117
31109
31077
31060
31050
31037
31027
31023
31021
31016
31014
31013
31010
31009
31007
31005
31005
31005
31001
31000
31000
30999
30998
30998
30998
30998
30997
30996
30996
30996
30995
30995
30995
30995
30995
30995
30995
30995
30994
30994
30993
30993
30992
30992
30991
30991
30991
30990
30990
30990
30989
30989
30989
30989
30988
30988
30988
30987
30987
30987
30986
30986
30986
30986
30985
30985
30985
30985
30985
30985
30985
30985
30984
30984
30984
30984
30984
30984
30983
30983
30983
30983
30982
30982
30982
30982
30982
30982
30982
30982
30982
30981
30981
30981
30981
30981
30980
30914
30905
30860
30786
30777
30707
30644
30636
30587
30531
30525
30459
30444
30369
30336
30297
30290
30255
30232
30225
30191
30136
30089
30029
30018
29981
29775
29767
29657
29656
29649
29646
29529
29479
29466
29455
29442
29423
29298
29272
29247
29246
29240
29233
29205
29136
29112
29031
29005
28943
28921
28652
28630
28623
28615
28596
28468
28448
28416
28416
28416
28414
28392
28389
28384
28338
28299
28255
28235
28218
28210
28077
28075
27987
27979
27932
27773
27691
27627
27624
27560
27539
27525
27520
27470
27441
27439
27348
27324
27297
27242
27179
27132
27118
27115
27075
27060
27028
27023
26819
26800
26679
26591
26570
26521
26503
26477
26440
26424
26401
26352
26336
26314
26307
26191
26082
26041
25937
25937
25937
25937
25934
25931
25926
25924
25921
25919
25919
25914
25913
25904
25883
25872
25862
25837
25810
25772
25771
25771
25769
25725
25721
25694
25689
25672
25664
25614
25586
25533
25464
25446
25417
25416
25385
25374
25343
25308
25294
25274
25274
25257
25249
25186
25170
25159
25132
25089
25086
25059
25058
25030
24971
24949
24920
24913
24843
24797
24777
24646
24644
24583
24489
24487
24481
24441
24438
24432
24428
24419
24385
24385
24379
24335
24280
24162
24161
24103
24079
24051
24034
24031
23981
23977
23925
23877
23806
23798
23786
23687
23640
23604
23594
23569
23540
23523
23522
23473
23407
23342
23339
23327
23319
23287
23287
23271
23247
23242
23242
23240
23239
23238
23238
23238
23224
23211
23186
23168
23158
23139
23098
23086
23024
22988
22984
22970
22965
22954
22899
22897
22890
22887
22867
22859
22844
22833
22809
22795
22769
22768
22733
22717
22678
22669
22645
22609
22591
22570
22568
22563
22560
22559
22550
22523
22479
22466
22414
22401
22394
22389
22383
22381
22373
22332
22310
22265
22257
22252
22225
22223
22085
22085
22050
21982
21973
21948
21936
21925
21924
21919
21910
21902
21899
21862
21844
21835
21824
21818
21816
21797
21776
21756
21740
21729
21719
21689
21681
21670
21667
21648
21641
21636
21633
21587
21569
21560
21552
21546
21546
21544
21539
21538
21538
21537
21537
21537
21537
21537
21536
21536
21536
21536
21536
21536
21536
21536
21536
21535
21535
21535
21535
21534
21534
21534
21534
21534
21534
21494
21458
21448
21407
21355
21341
21287
21287
21285
21283
21282
21271
21258
21247
21211
21203
21177
21143
21130
21128
21128
21125
21097
21092
21077
21061
21047
21018
20996
20980
20962
20941
20927
20873
20809
20763
20735
20730
20658
20637
20592
20573
20558
20547
20531
20522
20521
20481
20474
20435
20383
20348
20328
20321
20276
20262
20252
20244
20233
20233
20186
20186
20181
20139
20131
20116
20112
20099
20096
20083
20013
19982
19952
19947
19936
19932
19884
19836
19828
19786
19754
19737
19691
19688
19653
19616
19609
19550
19537
19528
19486
19475
19439
19434
19427
19405
19387
19381
19380
19373
19311
19310
19307
19302
19294
19276
19230
19226
19180
19111
19082
19081
19052
19045
19033
19019
19003
19001
18984
18978
18976
18915
18913
18910
18894
18893
18893
18876
18868
18800
18798
18758
18738
18732
18726
18696
18668
18640
18633
18612
18592
18557
18548
18501
18501
18483
18468
18438
18436
18417
18405
18399
18380
18357
18336
18333
18316
18286
18270
18269
18249
18238
18205
18184
18150
18135
18127
18125
18117
18099
18072
18063
18058
18007
18002
18000
17991
17978
17959
17941
17932
17916
17912
17866
17854
17827
17811
17810
17809
17792
17773
17738
17724
17698
17688
17685
17674
17644
17609
17608
17588
17568
17555
17531
17530
17499
17474
17418
17388
17380
17353
17319
17309
17299
17281
17256
17255
17250
17247
17237
17235
17224
17222
17205
17192
17185
17178
17162
17151
17142
17133
17128
17125
17114
17110
17107
17104
17071
17059
17028
17009
17001
16993
16954
16933
16932
16883
16862
16837
16824
16800
16798
16780
16774
16749
16744
16742
16739
16733
16733
16728
16717
16691
16691
16688
16675
16669
16645
16623
16622
16622
16612
16609
16566
16551
16549
16543
16530
16522
16513
16470
16440
16401
16398
16393
16386
16372
16359
16317
16315
16296
16285
16277
16268
16249
16238
16233
16219
16205
16190
16181
16172
16167
16108
16054
16035
16017
15986
15985
15984
15977
15975
15958
15942
15932
15928
15884
15875
15872
15854
15845
15830
15797
15783
15778
15753
15722
15716
15707
15667
15665
15655
15632
15631
15626
15624
15621
15618
15590
15586
15574
15563
15554
15524
15518
15463
15451
15448
15444
15427
15417
15413
15407
15382
15343
15333
15304
15304
15303
15296
15294
15262
15259
15252
15245
15233
15199
15196
15188
15183
15132
15121
15115
15104
15072
15064
15049
15046
15037
15029
15024
15020
15019
15013
15003
14989
14989
14984
14982
14973
14947
14939
14925
14912
14910
14888
14868
14850
14850
14839
14823
14817
14802
14802
14784
14779
14758
14751
14718
14710
14649
14648
14643
14639
14625
14613
14613
14603
14597
14591
14584
14558
14526
14522
14495
14487
14480
14462
14448
14403
14402
14401
14398
14398
14396
14395
14389
14383
14337
14330
14307
14307
14300
14270
14243
14240
14236
14221
14211
14210
14210
14206
14204
14204
14188
14170
14165
14165
14162
14162
14162
14162
14161
14156
14151
14138
14114
14092
14084
14070
14065
14056
14025
14023
14020
14009
13997
13982
13955
13952
13951
13951
13945
13945
13920
13917
13915
13907
13890
13886
13854
13799
13794
13792
13775
13774
13748
13746
13702
13689
13689
13679
13675
13652
13647
13645
13644
13643
13618
13590
13576
13557
13554
13534
13532
13527
13519
13502
13500
13491
13489
13475
13474
13464
13456
13445
13442
13428
13409
13400
13396
13388
13382
13372
13367
13362
13350
13349
13329
13326
13310
13308
13308
13301
13300
13291
13271
13257
13254
13245
13238
13224
13223
13222
13222
13219
13218
13218
13193
13190
13186
13181
13177
13155
13150
13148
13142
13140
13137
13136
13126
13124
13117
13115
13114
13102
13092
13074
13074
13065
13065
13064
13063
13062
13061
13042
13042
13035
13027
13023
13010
12998
12992
12978
12966
12959
12956
12951
12951
12947
12937
12928
12927
12897
12895
12893
12887
12887
12887
12856
12852
12846
12845
12824
12815
12809
12808
12792
12792
12790
12786
12785
12784
12783
12781
12775
12774
12769
12757
12753
12753
12746
12743
12740
12738
12738
12737
12732
12729
12726
12724
12721
12720
12717
12712
12712
12711
12711
12711
