295639201
111394818
81596309
70033623
64378554
60589803
54146984
49391366
43872031
42578510
40781457
37589833
37544399
35797333
35225937
34681267
34073462
33070733
32502581
32270027
29850322
29589707
28366095
27708503
24399851
23915696
21879064
21533734
20660846
19338827
19002278
18779200
18707636
17802139
17567373
17260560
17237730
16863887
16134918
16019942
15070667
15018777
14975214
14838707
14424194
13187557
11467191
10645899
10225722
10187414
10159161
10064088
9650006
9631572
9404975
9347680
9100034
9013560
8848585
8819107
8600292
8572140
8513936
8306260
8279533
7994769
7987303
7973137
7854984
7819407
7812620
7712209
7464079
7431877
7265470
7261846
7172968
7072912
6980701
6908392
6784780
6733072
6572284
6539764
6537637
6475374
5965898
5859623
5844300
5712386
5530978
5488731
5469870
5460493
5417492
5275312
5225913
5187635
5119935
5103569
5079049
4998758
4904547
4884687
4735936
4707178
4679967
4654828
4624110
4587681
4574490
4571852
4570150
4445305
4320232
4309441
4261175
4257387
4193540
4159750
4134095
4114476
4026193
3844753
3829964
3798341
3786622
3753008
3747762
3741132
3703739
3675276
3616133
3613001
3493064
3450194
3411910
3374071
3360392
3345093
3335983
3315507
3310245
3232417
3231001
3203632
3177147
3174082
3169265
3146451
3146043
3078109
3066342
3053488
2989842
2979491
2914457
2905016
2889348
2870530
2835124
2820529
2805050
2799335
2761736
2667872
2608915
2594198
2577161
2536998
2497240
2476029
2451102
2435259
2400730
2392550
2386364
2383269
2355377
2355249
2325659
2304039
2284771
2278966
2272954
2268970
2239656
2232254
2221521
2205545
2203941
2184344
2168182
2132508
2131314
2116496
2098738
2078580
2046863
2034451
2012725
1994106
1982159
1962882
1954029
1952913
1950164
1948865
1924222
1922327
1916237
1884782
1864475
1861517
1858014
1851255
1820574
1810920
1788872
1776377
1775357
1766223
1761676
1750131
1743444
1741319
1734413
1732599
1721340
1713949
1711985
1700803
1696643
1687497
1656943
1635488
1619249
1582526
1580262
1578094
1572132
1566578
1563930
1556849
1536984
1532063
1520142
1516658
1511821
1493077
1487144
1473002
1467215
1464473
1458966
1447540
1445397
1439118
1433458
1432156
1429903
1426393
1423710
1422759
1422443
1412092
1410569
1403596
1399809
1387381
1382289
1376456
1372375
1369633
1367126
1365967
1346097
1330383
1330252
1322617
1321302
1320461
1316609
1308115
1306536
1299968
1285819
1280262
1276731
1274121
1265258
1264966
1264580
1244667
1242414
1237901
1232646
1231139
1223030
1220769
1213382
1205974
1198303
1190311
1183850
1181806
1162579
1151026
1150983
1144613
1138693
1113374
1112478
1107867
1098172
1094916
1092345
1087570
1082078
1074532
1074351
1073323
1071570
1067151
1056948
1055834
1048644
1048143
1043947
1038681
1032085
1025254
1015714
1009662
1000579
996166
993207
989822
988757
980341
976656
971844
970127
969138
960249
958793
955451
943160
939401
937384
927352
925227
921741
920080
913931
912190
908331
898566
896301
891328
887988
886807
884474
884360
883638
877944
876981
876834
871203
870763
870020
868795
861535
860693
855220
853009
850947
845428
845269
843661
841852
837137
834936
834649
832686
828019
827562
827337
823906
817986
814291
809910
809504
803804
798721
791555
786879
786512
784277
775325
775265
763294
754083
753182
751299
747683
744363
743481
741431
740719
738739
734766
734371
732324
731941
726795
726316
721117
717342
715964
713640
711763
711469
699755
698950
693279
691803
689120
688078
684251
682082
681939
681921
681140
678493
677072
676701
672937
670727
665193
664811
664658
660243
654753
648188
647414
646080
642954
640277
640011
637564
636977
636402
632506
631607
631261
628687
625309
620175
618549
614982
612559
609338
603077
602766
601622
599864
599854
599185
598735
597841
596172
590484
589155
587553
586554
584166
583933
581462
580061
579388
577809
573133
571866
571293
569661
569357
569086
568673
565962
565828
564843
564644
563977
563497
561676
561546
560436
559111
557860
555419
554293
551708
549995
549969
547557
546653
544863
544835
543577
541348
539519
536766
536616
534730
532868
532234
531699
527080
525901
525530
524266
524165
521513
519933
519165
516962
513239
511016
506636
505418
505327
504185
503455
500043
499707
494584
493693
492942
491398
490437
489600
486771
480972
479191
478155
475664
471691
469665
469379
469035
468370
467909
467219
465853
464438
463706
463272
463229
462661
461028
457957
457496
455901
455476
455437
454878
454872
454359
453858
453224
452853
450722
450145
447951
447056
446784
445838
445743
445288
445116
444864
444770
443071
442584
440561
440535
439786
439589
439138
438106
437552
437466
434403
433813
433430
432330
428940
428448
428145
427315
426221
426157
421835
421678
421558
420721
420381
419767
419487
418760
417891
417558
415545
414977
414084
413380
413024
408521
407243
406296
405643
405028
403498
403490
401762
401727
401090
399503
398923
398883
396133
396002
395386
395223
394376
394209
390083
386261
385747
385541
385541
383163
382939
382662
382223
382117
381679
381639
381275
381202
380211
379476
377344
376337
375730
374057
373872
373120
372304
372185
372102
371461
371444
367914
367394
366286
366274
366242
365945
365610
365561
365405
363908
362201
362024
361996
361264
361220
360766
360673
359226
359164
359124
358442
357814
357364
355779
355733
353404
352669
351951
346905
345783
344095
344085
343716
342900
342784
339203
338959
338001
337384
337200
336444
335228
335154
334830
333698
333342
332356
332051
331895
331152
330927
330314
329868
329802
329697
328822
328533
328349
328299
328247
327393
326837
326128
326057
325452
325282
325193
323892
323783
323763
323754
322349
322276
322209
322013
320745
319860
319804
319108
318479
316551
316047
315305
314420
314351
314053
313613
313343
312385
311960
310047
309908
308372
307616
307404
307189
305935
305781
305764
305442
305022
304294
303986
302515
302221
301675
300171
298610
298233
297718
297632
297271
296863
296353
295417
294701
294519
294352
294025
293526
292369
291717
291377
290482
289914
289465
287523
287420
286430
286224
285244
285064
284944
283105
282626
282497
281317
279866
278964
278220
277853
276938
276529
275251
274651
274459
274073
273810
273529
272612
271900
271634
271438
270984
270886
270854
270750
269642
269442
269136
268337
267831
267474
266706
266324
266239
265264
265045
265024
264999
264478
264006
263887
263788
263758
263237
262422
262335
262129
262011
261532
261471
261269
261042
260712
260633
260325
260029
259976
259429
258905
258331
257661
256749
256459
254660
254146
253774
253318
251511
250954
250886
250810
250541
249974
248902
248045
247808
247474
247061
246085
244988
244977
244759
244750
244317
244233
243499
243464
242872
242798
242566
242488
242007
241563
240705
240485
240436
239627
239575
238680
237978
237735
237454
236865
236778
236668
235857
234799
234723
233110
233072
233058
232561
232280
232106
231719
231428
231096
231068
230351
229984
229980
229938
229895
229218
228840
227857
226683
226636
225615
224722
224495
224162
223680
223640
223597
222658
222575
222441
222270
221891
221548
221546
221490
221372
221367
220944
220662
220650
220554
220075
219664
219559
219525
219142
218757
218653
218452
217951
217543
217072
217052
216838
216303
216098
216064
215816
215613
215521
214829
213935
213929
213643
213587
213108
212772
212654
212320
212186
211867
211268
211056
210683
210431
210107
209916
209860
209845
209553
209547
209026
208650
208477
208420
206388
205861
205696
205317
205262
205234
205182
205177
204816
204737
204112
204037
203045
202365
202126
201362
201160
199639
199235
199022
198993
197842
197822
197701
197388
197337
196749
196457
196430
196159
196098
195573
195503
195112
194975
194230
194069
193749
193663
193589
193367
193336
193276
193175
193088
192927
192921
192762
192638
192629
191986
191915
191644
191428
190930
190173
190057
189789
188980
188589
188124
187977
187976
187890
187794
187369
187038
186715
186681
185797
185186
185165
185165
185091
184173
184051
183900
183764
183711
183654
183096
182865
182650
182453
182384
181865
181654
181521
181261
181167
180815
180785
180595
180229
180202
180073
180012
179954
178917
178109
177941
177788
177657
177577
177359
177221
176754
176747
176246
176167
175898
175446
174819
174786
174516
174489
174350
174119
174053
173979
173955
173639
173391
173363
173137
172637
172488
172341
172107
172101
171402
171315
171213
171087
171011
170748
170261
169366
169204
169149
168718
168711
168521
168453
168067
167517
166957
166781
166477
166212
165855
165691
164771
164628
164598
164595
164167
164151
164142
164030
163266
162801
162566
162500
162463
162354
162258
162206
162164
161946
161714
161651
161546
161436
161091
160801
160796
160112
159951
159862
159679
159559
159537
159506
159411
159363
159146
159129
158746
158627
158399
158153
158137
157748
157626
157625
157514
157488
157328
156962
156542
156485
156228
155876
155771
155581
155359
155291
155053
154878
154588
154571
154413
154172
153972
153949
153844
153832
153438
153402
153284
153246
152984
152805
152376
152197
152037
151743
151674
151330
151312
151235
151032
150514
150362
150185
149536
149500
149433
149301
148918
148891
148792
148730
148631
148421
148365
148329
148173
147910
147906
147883
147742
147585
147402
147394
147304
147234
146791
146712
146281
146269
146262
145626
145531
145349
145239
144960
144872
144806
144759
144692
144578
144455
144355
144221
143616
143616
143557
143454
143294
143262
143242
143142
142966
142877
142800
142554
142473
142281
142015
141903
141796
141754
141729
141669
141228
141174
141141
141046
141005
140885
140659
140042
139993
139824
139694
139640
139367
139354
139294
139130
138978
138881
138880
138811
138694
138588
138225
138098
137764
137713
137240
136721
136328
135769
135762
135426
135192
135154
135016
134607
134547
134363
134238
134235
134106
133749
133670
133490
133483
133427
133289
132892
132778
132722
132697
132552
132489
132478
132417
132347
132175
131823
131814
131676
131398
131273
131110
131029
130799
130689
130579
130480
130465
130354
130020
129731
129725
129706
129628
129527
129475
129177
129147
129101
129071
128967
128698
128560
128369
128131
128063
127971
127483
127473
127154
127044
127003
126840
126520
126457
126438
126394
126242
125965
125913
125640
125615
125566
125449
125336
124840
124791
124617
124583
124553
124360
124219
124137
124083
123911
123777
123768
123643
123633
123586
123537
123422
123382
123379
123343
123243
123131
123033
122969
122852
122614
122280
122271
122194
122016
122010
121919
121911
121615
121545
121521
121442
120996
120908
120887
120773
120555
120434
120292
120073
119821
119792
119682
119572
119403
119354
119312
118980
118873
118740
118724
118490
118472
118457
118304
118071
118051
118042
117895
117874
117861
117778
117637
117603
117589
117349
117341
117067
117047
117041
116920
116863
116768
116687
116634
116320
116313
116294
115833
115810
115789
115681
115666
115557
115458
115378
115319
115205
115099
115091
114884
114774
114680
114436
114090
114005
113970
113937
113593
113429
113129
112938
112930
112807
112793
112647
112549
112484
112450
112428
112405
112364
112349
112272
111925
111782
111643
111412
111236
111056
110780
110742
110579
110552
110372
110314
110191
109991
109922
109849
109828
109773
109741
109706
109593
109474
109203
109203
109149
109117
108978
108913
108887
108876
108796
108579
108459
108399
108244
108155
108109
108100
107820
107744
107690
107678
107651
107494
107315
107183
107161
106926
106829
106812
106495
106454
106432
105973
105587
105557
105452
105098
104988
104961
104941
104726
104706
104669
104626
104619
104532
104525
104325
104251
104176
104150
104134
103980
103703
103502
103208
103192
103164
103012
102892
102704
102528
102510
102449
102177
102147
102118
101971
101958
101910
101850
101717
101669
101646
101255
100994
100682
100657
100572
100561
100432
100356
100232
100039
99990
99893
99850
99774
99727
99596
99473
99434
99381
99271
99188
99096
99079
99044
98995
98951
98898
98892
98849
98828
98798
98785
98747
98673
98641
98545
98454
98261
98216
98172
98102
97885
97865
97619
97334
97082
97004
96915
96840
96704
96513
96427
96344
96297
96233
96228
96132
96059
96056
95976
95930
95615
95531
95521
95431
95410
95243
95166
95123
95066
94958
94952
94936
94855
94796
94718
94658
94597
94588
94582
94582
94502
94382
94343
94320
94256
94213
94137
94131
93979
93963
93903
93870
93843
93839
93778
93774
93769
93740
93677
93600
93544
93457
93443
93373
93312
93311
93286
93263
93235
93193
93174
92898
92857
92722
92706
92446
92366
92273
92232
92196
92142
92138
91998
91902
91790
91751
91714
91693
91485
91311
91230
91043
91038
90993
90955
90812
90676
90675
90654
90640
90360
90306
90196
90181
90156
90125
90070
89955
89934
89882
89557
89503
89492
89427
89417
89335
89301
89274
89218
89182
89182
89147
89069
89064
89045
88985
88980
88867
88620
88567
88545
88469
88443
88373
88275
88264
88189
88150
88036
87959
87916
87870
87833
87723
87639
87627
87605
87577
87575
87538
87503
86852
86846
86663
86570
86378
86157
86120
86108
86039
85991
85876
85841
85780
85594
85524
85444
85332
85313
85272
85146
85092
84954
84848
84779
84760
84711
84626
84593
84570
84529
84504
84479
84344
84240
84173
84161
84077
83967
83876
83857
83596
83585
83530
83472
83309
83141
83115
83087
82962
82840
82724
82671
82598
82590
82498
82477
82382
82358
82302
82188
82188
82113
81997
81980
81969
81954
81905
81905
81901
81800
81765
81658
81630
81590
81463
81417
81386
81372
81324
81233
81093
81078
80913
80900
80706
80407
80338
80059
79977
79970
79932
79861
79780
79738
79693
79678
79481
79472
79174
79105
79101
79082
79000
78983
78798
78717
78699
78429
78234
78215
78194
78016
77992
77907
77894
77886
77870
77782
77587
77580
77562
77490
77287
77097
77047
77028
76938
76836
76656
76618
76460
76423
76387
76307
76274
76272
76259
76184
76177
75992
75964
75959
75917
75897
75861
75852
75818
75780
75775
75745
75738
75721
75563
75526
75471
75447
75421
75375
75373
75373
75331
75309
75289
75257
74934
74889
74881
74815
74784
74573
74567
74509
74405
74315
74274
74257
74229
74183
74139
74081
74057
73906
73905
73727
73673
73656
73646
73605
73529
73515
73369
73359
73328
73256
73218
73174
73110
73074
73010
72954
72856
72851
72811
72781
72775
72696
72666
72577
72542
72498
72488
72486
72458
72362
72348
72341
72196
72114
72071
72050
71899
71874
71860
71830
71823
71718
71672
71591
71580
71513
71420
71407
71364
71309
71291
71240
71150
71132
71105
71016
70979
70855
70847
70847
70832
70790
70789
70777
70735
70697
70673
70665
70656
70644
70603
70505
70469
70450
70373
70299
70166
70131
70099
69929
69912
69807
69801
69765
69761
69743
69743
69707
69620
69601
69598
69579
69332
69282
69244
69218
69164
69109
68951
68930
68875
68837
68746
68684
68648
68610
68591
68562
68528
68416
68361
68348
68317
68311
68296
68290
68283
68246
68239
68180
68169
68144
68126
68110
68076
68043
68038
68022
67945
67871
67788
67735
67734
67670
67621
67620
67619
67502
67438
67213
67205
67184
67131
67122
67107
67094
67080
67072
66978
66885
66866
66834
66752
66721
66557
66547
66512
66491
66445
66399
66243
66096
66067
65928
65902
65821
65761
65666
65630
65572
65554
65450
65426
65387
65345
65244
65156
65153
65149
65149
65134
65041
65041
64891
64864
64802
64802
64782
64774
64762
64653
64603
64535
64386
64378
64174
63965
63959
63949
63937
63897
63849
63730
63720
63612
63527
63456
63443
63396
63346
63335
62952
62903
62871
62837
62819
62729
62691
62687
62495
62322
62307
62301
62267
62262
62254
62252
62250
62207
62206
62147
62120
62110
62102
62042
61956
61935
61929
61880
61822
61799
61782
61718
61692
61641
61579
61571
61512
61478
61455
61403
61402
61393
61361
61339
61277
61277
61244
61144
61093
61070
60966
60900
60848
60832
60803
60775
60695
60648
60605
60589
60566
60453
60365
60356
60341
60333
60280
60230
60229
60228
60192
60174
60162
60143
60141
60137
60125
60063
60040
60023
60011
59996
59958
59927
59884
59879
59782
59761
59733
59677
59652
59651
59566
59521
59474
59438
59359
59342
59298
59270
59269
59238
59208
59199
59104
59090
59086
58978
58950
58930
58921
58877
58824
58820
58777
58739
58704
58680
58657
58608
58607
58571
58569
58557
58429
58328
58156
58134
58045
58016
57940
57909
57857
57792
57735
57703
57695
57488
57347
57297
57150
57082
57062
56971
56840
56830
56715
56583
56285
56253
56210
56168
56161
56121
56060
56031
55960
55908
55889
55831
55807
55804
55790
55772
55763
55723
55723
55661
55646
55645
55642
55632
55606
55604
55557
55489
55487
55482
55481
55344
55310
55286
55286
55225
55217
55188
55184
55181
55129
55091
55083
55076
55056
55046
55025
54994
54982
54943
54901
54879
54872
54802
54779
54765
54747
54739
54722
54703
54688
54686
54589
54543
54540
54531
54465
54452
54449
54429
54392
54385
54385
54382
54372
54364
54262
54246
54175
54160
54143
54085
54053
54044
54015
54011
53757
53735
53725
53722
53713
53701
53694
53641
53626
53620
53568
53562
53509
53421
53418
53413
53398
53389
53336
53331
53312
53261
53229
53222
53215
53208
53135
53102
53063
52980
52959
52871
52871
52823
52820
52704
52640
52633
52597
52595
52525
52519
52498
52489
52480
52462
52423
52419
52410
52406
52404
52394
52388
52338
52283
52274
52265
52221
52205
52173
52116
52115
52107
52077
52011
51961
51931
51906
51742
51694
51649
51632
51630
51600
51564
51549
51504
51500
51498
51485
51467
51465
51447
51371
51332
51322
51319
51242
51233
51208
51150
51078
51031
50985
50975
50915
50874
50865
50820
50790
50744
50738
50735
50716
50697
50675
50674
50661
50624
50603
50565
50546
50544
50518
50450
50404
50267
50179
50122
50074
50020
50018
49990
49976
49881
49875
49787
49763
49752
49749
49734
49723
49721
49684
49661
49611
49578
49442
49442
49426
49424
49402
49385
49368
49338
49331
49314
49239
49183
49151
49148
49146
49145
49135
49132
49124
49044
49025
48997
48991
48957
48918
48788
48785
48742
48704
48651
48563
48554
48554
48474
48409
48401
48308
48303
48291
48287
48232
48221
48219
48200
48186
48060
48042
48036
48032
48005
47984
47971
47968
47954
47923
47746
47723
47702
47702
47629
47626
47528
47499
47413
47408
47401
47377
47365
47362
47343
47337
47323
47305
47266
47245
47238
47225
47197
47164
47010
46977
46944
46903
46829
46821
46803
46782
46740
46727
46709
46673
46654
46618
46592
46571
46551
46519
46514
46508
46458
46457
46424
46411
46394
46391
46372
46352
46346
46280
46257
46246
46245
46216
46209
46189
46168
46118
46117
46115
46043
46040
46032
46029
46023
45953
45932
45927
45885
45857
45847
45836
45828
45734
45657
45575
45570
45544
45530
45518
45483
45455
45398
45391
45372
45300
45298
45292
45272
45251
45215
45209
45193
45159
45151
45138
45137
45122
45114
45081
45016
44982
44980
44908
44891
44829
44819
44818
44806
44765
44706
44693
44685
44632
44567
44566
44561
44535
44506
44462
44390
44307
44256
44205
44204
44195
44182
44174
44171
44120
44110
44060
44058
44045
44034
44006
44005
43929
43919
43867
43776
43742
43736
43725
43712
43712
43709
43709
43706
43706
43702
43701
43696
43695
43694
43690
43642
43597
43564
43564
43538
43518
43516
43510
43509
43468
43432
43396
43370
43304
43302
43259
43255
43254
43213
43195
43189
43184
43178
43131
43103
43080
43076
43074
43073
43073
43072
43072
43071
43071
43071
43070
43070
43069
43068
43012
43007
42926
42919
42907
42861
42849
42848
42843
42837
42833
42833
42832
42814
42752
42696
42659
42653
42646
42614
42610
42600
42574
42563
42530
42528
42500
42497
42493
42464
42462
42418
42365
42353
42348
42261
42256
42229
42217
42213
42207
42123
42112
42057
42050
42035
42014
41930
41930
41927
41909
41880
41845
41839
41834
41822
41788
41749
41724
41667
41516
41507
41505
41460
41441
41415
41405
41364
41341
41315
41302
41301
41242
41237
41201
41162
41158
41109
41104
41046
41042
41040
41030
41005
40968
40937
40926
40909
40867
40865
40858
40834
40827
40826
40802
40782
40763
40738
40718
40698
40686
40673
40656
40655
40650
40632
40576
40549
40544
40525
40522
40499
40490
40454
40442
40439
40390
40324
40300
40263
40235
40222
40183
40135
40133
40109
40107
40084
40069
40049
40047
40019
39989
39974
39944
39920
39894
39890
39872
39849
39848
39788
39780
39772
39754
39749
39742
39718
39689
39676
39660
39643
39621
39613
39540
39500
39475
39446
39433
39329
39318
39290
39289
39275
39266
39250
39247
39182
39170
39143
39137
39132
39126
39070
39059
39026
39014
38984
38979
38975
38943
38915
38893
38887
38847
38846
38832
38827
38820
38792
38778
38698
38687
38677
38659
38626
38601
38544
38535
38520
38509
38497
38477
38453
38406
38404
38341
38315
38287
38283
38276
38233
38229
38146
38136
38121
38117
38114
38106
38101
38087
38087
38081
38063
38059
38035
37912
37901
37900
37873
37835
37831
37797
37796
37792
37785
37768
37726
37671
37645
37565
37551
37493
37476
37441
37437
37436
37426
37421
37378
37365
37356
37339
37334
37331
37278
37273
37225
37223
37201
37195
37104
37091
37084
37074
37070
37060
37055
37044
37031
37001
36995
36991
36975
36966
36964
36958
36956
36954
36949
36926
36920
36909
36900
36896
36873
36847
36832
36830
36746
36746
36678
36652
36630
36622
36610
36568
36548
36525
36498
36471
36444
36397
36389
36372
36363
36347
36347
36273
36271
36263
36249
36242
36237
36219
36211
36204
36089
36078
36024
36012
36006
35969
35969
35958
35955
35950
35950
35947
35946
35924
35921
35898
35866
35861
35858
35851
35835
35829
35823
35819
35798
35796
35794
35791
35771
35737
35736
35697
35657
35634
35597
35583
35533
35524
35501
35497
35467
35466
35422
35411
35345
35335
35330
35322
35302
35289
35238
35237
35236
35221
35219
35211
35210
35208
35206
35186
35144
35135
35122
35066
35040
35015
35012
34996
34984
34984
34974
34972
34964
34958
34953
34944
34928
34925
34865
34852
34813
34806
34800
34738
34733
34716
34688
34665
34638
34637
34623
34613
34612
34606
34598
34586
34520
34520
34510
34496
34494
34475
34470
34427
34420
34384
34352
34315
34297
34249
34240
34214
34213
34184
34182
34167
34070
34066
34009
34002
33991
33950
33945
33936
33936
33925
33919
33896
33892
33891
33855
33842
33815
33793
33774
33761
33715
33712
33703
33692
33674
33651
33634
33625
33613
33598
33578
33576
33571
33548
33540
33508
33507
33501
33498
33485
33482
33467
33465
33460
33460
33452
33378
33358
33356
33347
33334
33302
33294
33288
33278
33275
33263
33251
33220
33220
33160
33092
33021
33008
33001
32970
32961
32927
32891
32890
32883
32861
32851
32827
32817
32806
32806
32803
32788
32766
32725
32711
32682
32628
32626
32623
32618
32608
32601
32579
32576
32527
32501
32497
32495
32493
32475
32474
32460
32448
32445
32430
32425
32422
32417
32413
32407
32401
32367
32349
32335
32327
32325
32300
32279
32219
32186
32165
32158
32148
32146
32128
32107
32100
32095
32081
32076
32048
32046
32044
32043
32005
31995
31965
31958
31952
31951
31945
31936
31916
31902
31893
31845
31807
31804
31803
31798
31791
31788
31781
31769
31759
31754
31751
31716
31696
31682
31680
31680
31654
31648
31619
31608
31594
31588
31579
31567
31561
31547
31531
31531
31494
31493
31492
31468
31460
31451
31428
31407
31383
31374
31353
31343
31342
31335
31333
31323
31308
31293
31292
31258
31255
31251
31248
31238
31229
31228
31211
31210
31205
31196
31189
31184
31180
31177
31177
31169
31155
31155
31119
31110
31108
31108
31092
31086
31074
31070
31070
31068
31059
31058
31057
31057
31048
31047
31045
31043
31040
31040
31037
31036
31035
31033
31030
31030
31025
31023
31021
31020
31020
31019
31019
31018
31018
31016
31016
31015
31013
31012
31012
31012
31011
31010
31009
31008
31007
31007
31006
31006
31006
31005
31004
31003
31003
31002
31001
31001
31000
31000
31000
30999
30999
30999
30999
30999
30998
30998
30998
30998
30998
30997
30997
30997
30997
30997
30997
30997
30996
30996
30996
30996
30996
30996
30996
30996
30996
30995
30995
30995
30995
30995
30995
30995
30995
30995
30995
30995
30995
30995
30995
30995
30995
30994
30994
30994
30994
30994
30994
30994
30994
30993
30993
30993
30993
30993
30993
30992
30992
30991
30991
30991
30991
30991
30989
30989
30989
30989
30989
30988
30988
30988
30988
30988
30988
30988
30987
30987
30987
30987
30987
30987
30987
30987
30987
30987
30986
30986
30986
30986
30985
30985
30985
30985
30985
30985
30984
30984
30984
30983
30983
30983
30983
30983
30983
30983
30983
30982
30982
30982
30982
30982
30982
30982
30982
30982
30981
30981
30981
30981
30966
30955
30942
30939
30932
30923
30920
30917
30917
30904
30897
30895
30889
30885
30879
30877
30871
30856
30854
30842
30839
30833
30824
30814
30794
30794
30785
30784
30746
30699
30679
30663
30645
30614
30555
30528
30524
30511
30510
30493
30478
30459
30446
30442
30399
30392
30377
30352
30349
30340
30327
30326
30319
30308
30279
30271
30259
30247
30243
30230
30221
30212
30206
30201
30198
30193
30163
30163
30158
30150
30146
30122
30085
30078
30077
30073
30071
30064
30060
30053
30030
30017
30016
30014
29992
29960
29954
29947
29946
29924
29918
29897
29878
29870
29854
29847
29846
29839
29824
29822
29802
29745
29724
29706
29704
29676
29669
29662
29650
29608
29598
29598
29597
29593
29587
29570
29546
29533
29514
29480
29425
29413
29399
29381
29370
29357
29350
29342
29323
29308
29286
29283
29278
29237
29236
29231
29223
29216
29209
29203
29183
29183
29162
29158
29141
29135
29132
29115
29103
29074
29073
29069
29064
29052
29049
29036
29024
29023
28990
28984
28970
28948
28940
28926
28873
28865
28859
28849
28847
28825
28767
28761
28733
28724
28722
28701
28695
28687
28686
28676
28675
28673
28672
28670
28669
28666
28639
28620
28620
28608
28595
28582
28581
28546
28543
28536
28533
28532
28531
28511
28497
28496
28495
28488
28482
28465
28459
28442
28441
28436
28435
28416
28416
28416
28416
28405
28394
28391
28387
28356
28349
28346
28338
28304
28282
28277
28265
28256
28250
28240
28233
28225
28212
28170
28167
28157
28146
28131
28115
28070
28058
28048
28047
28044
28044
28042
28003
27982
27980
27978
27976
27964
27941
27934
27917
27913
27905
27894
27893
27884
27867
27852
27846
27839
27831
27809
27806
27803
27796
27783
27761
27759
27757
27751
27739
27735
27713
27701
27675
27669
27623
27616
27597
27594
27577
27577
27550
27523
27498
27498
27470
27446
27430
27430
27422
27394
27379
27373
27369
27333
27328
27325
27323
27282
27282
27278
27273
27196
27195
27178
27162
27153
27144
27136
27117
27114
27113
27078
27076
27075
27075
27075
27075
27075
27071
27065
27038
27035
27029
27026
27012
26992
26988
26988
26984
26978
26963
26956
26956
26950
26945
26945
26938
26937
26921
26911
26897
26897
26877
26877
26870
26864
26858
26857
26842
26839
26832
26821
26806
26796
26787
26775
26773
26749
26743
26723
26723
26713
26710
26686
26685
26679
26676
26664
26658
26639
26609
26589
26587
26573
26555
26541
26525
26514
26513
26507
26503
26481
26480
26461
26456
26445
26424
26420
26416
26404
26401
26387
26383
26382
26372
26367
26351
26339
26316
26312
26309
26298
26277
26273
26238
26233
26227
26198
26186
26177
26136
26135
26127
26126
26124
26113
26107
26087
26072
26071
26066
26036
26032
26028
25999
25992
25990
25990
25989
25986
25983
25976
25954
25953
25952
25942
25921
25915
25896
25894
25887
25868
25859
25859
25857
25853
25847
25846
25842
25839
25839
25831
25818
25817
25814
25807
25795
25791
25785
25757
25741
25737
25734
25721
25707
25704
25701
25651
25650
25645
25637
25632
25615
25610
25592
25564
25557
25556
25552
25545
25532
25530
25524
25519
25512
25512
25509
25490
25489
25486
25483
25479
25479
25461
25457
25447
25441
25437
25433
25432
25417
25417
25416
25412
25401
25399
25399
25386
25362
25352
25332
25324
25320
25315
25304
25302
25299
25288
25259
25257
25256
25255
25251
25241
25234
25218
25204
25196
25185
25128
25126
25097
25085
25084
25073
25070
25068
25065
25058
25055
25055
25042
25027
25016
25014
25007
25000
24998
24981
24962
24961
24958
24956
24942
24936
24936
24935
24934
24885
24863
24859
24852
24852
24848
24818
24806
24801
24798
24788
24785
24784
24780
24775
24767
24759
24747
24738
24722
24713
24703
24699
24691
24681
24671
24655
24593
24590
24570
24565
24562
24549
24546
24537
24537
24536
24516
24505
24495
24486
24478
24470
24467
24467
24461
24449
24449
24439
24427
24391
24389
24384
24382
24365
24364
24356
24348
24344
24332
24331
24314
24311
24296
24276
24264
24259
24235
24228
24204
24201
24199
24190
24188
24187
24184
24172
24159
24143
24119
24109
24104
24098
24097
24090
24079
24076
24075
24071
24060
24051
24048
24027
24010
24003
24001
23993
23990
23969
23960
23944
23917
23917
23874
23873
23870
23851
23843
23827
23813
23809
23774
23767
23767
23758
23754
23739
23737
23736
23733
23714
23701
23671
23641
23628
23625
23602
23595
23580
23578
23557
23552
23551
23546
23539
23524
23518
23497
23492
23492
23487
23475
23463
23424
23416
23413
23405
23386
23383
23372
23369
23359
23334
23307
23306
23305
23300
23298
23290
23289
23286
23282
23279
23273
23260
23259
23255
23254
23248
23247
23244
23244
23244
23244
23243
23242
23241
23241
23241
23240
23240
23240
23239
23239
23239
23239
23239
23238
23238
23227
23227
23226
23223
23216
23208
23207
23192
23180
23164
23163
23153
23140
23136
23133
23124
23115
23093
23069
23049
23037
23036
23035
23033
23031
23026
23026
22984
22983
22980
22929
22903
22901
22890
22885
22877
22870
22863
22863
22860
22840
22836
22830
22824
22824
22804
22804
22797
22793
22792
22786
22784
22770
22741
22729
22727
22724
22716
22698
22694
22672
22645
22643
22639
22635
22633
22599
22589
22586
22582
22580
22568
22563
22562
22558
22558
22539
22538
22534
22533
22526
22523
22502
22492
22489
22488
22475
22451
22450
22449
22448
22448
22440
22430
22422
22408
22393
22385
22373
22372
22360
22350
22348
22338
22329
22314
22302
22301
22301
22270
22241
22240
22240
22239
22216
22216
22212
22205
22205
22199
22172
22171
22147
22142
22135
22127
22114
22113
22113
22098
22079
22079
22078
22054
22053
22053
22046
22042
22029
22027
22019
22009
22003
21985
21976
21975
21973
21973
21971
21963
21949
21949
21939
21934
21931
21896
21892
21882
21869
21869
21859
21858
21858
21839
21826
21823
21821
21809
21806
21803
21799
21798
21798
21791
21788
21782
21773
21772
21766
21765
21742
21729
21721
21719
21715
21713
21712
21707
21706
21703
21696
21692
21692
21686
21681
21678
21676
21673
21667
21667
21666
21664
21663
21659
21658
21648
21640
21640
21637
21634
21621
21619
21618
21618
21614
21610
21601
21596
21581
21576
21574
21565
21557
21554
21547
21544
21542
21542
21541
21540
21540
21540
21540
21539
21539
21539
21538
21538
21538
21538
21538
21538
21537
21537
21537
21537
21537
21536
21536
21536
21536
21536
21536
21536
21536
21536
21536
21536
21536
21536
21536
21536
21536
21536
21536
21535
21535
21534
21534
21534
21534
21534
21534
21534
21534
21534
21534
21534
21534
21528
21496
21487
21485
21482
21478
21475
21457
21439
21430
21426
21425
21425
21405
21404
21403
21396
21379
21373
21346
21341
21334
21311
21305
21303
21294
21284
21246
21238
21197
21187
21187
21182
21166
21159
21154
21147
21128
21124
21123
21115
21113
21110
21105
21091
21086
21080
21076
21069
21058
21051
21038
21030
21013
21007
21000
20951
20944
20940
20928
20927
20919
20908
20886
20878
20876
20838
20832
20828
20819
20808
20787
20771
20771
20767
20700
20695
20694
20691
20677
20677
20663
20656
20636
20628
20622
20616
20611
20599
20588
20588
20585
20576
20570
20559
20538
20527
20522
20511
20499
20493
20472
20465
20464
20458
20450
20443
20441
20441
20440
20436
20436
20436
20426
20425
20423
20414
20410
20405
20402
20389
20373
20370
20360
20357
20351
20346
20337
20333
20333
20333
20322
20319
20306
20302
20288
20267
20255
20247
20246
20244
20242
20242
20242
20202
20200
20197
20192
20180
20170
20169
20155
20150
20149
20148
20140
20132
20107
20101
20100
20094
20086
20085
20080
20075
20075
20046
20037
20030
20028
20023
20023
20011
20008
19999
19997
19996
19994
19984
19975
19974
19974
19971
19967
19966
19962
19961
19945
19944
19937
19927
19914
19913
19908
19902
19899
19885
19883
19880
19874
19868
19861
19861
19858
19850
19850
19840
19838
19837
19832
19827
19823
19818
19807
19803
19780
19780
19775
19765
19761
19757
19753
19751
19750
19747
19739
19739
19734
19724
19698
19669
19665
19661
19654
19648
19646
19645
19641
19641
19640
19639
19615
19614
19613
19608
19607
19601
19601
19580
19568
19564
19559
19558
19552
19552
19550
19534
19527
19524
19523
19522
19518
19506
19498
19488
19477
19470
19468
19464
19463
19455
19442
19437
19435
19431
19428
19428
19417
19414
19412
19403
19401
19398
19397
19392
19392
19390
19389
19387
19385
19384
19378
19376
19373
19366
19355
19347
19346
19343
19343
19341
19337
19329
19327
19319
19315
19312
19300
19296
19285
19261
19224
19221
19217
19214
19214
19213
19211
19209
19209
19208
19200
19198
19192
19187
19185
19178
19167
19166
19166
19165
19141
19135
19129
19125
19124
19122
19121
19118
19114
19098
19087
19072
19062
19032
19028
19019
19017
19007
18988
18986
18965
18959
18950
18949
18935
18934
18930
18926
18912
18894
18883
18882
18880
18877
18875
18861
18860
18852
18836
18828
18817
18816
18814
18812
18808
18778
18777
18768
18750
18746
18739
18737
18735
18725
18718
18712
18701
18699
18699
18693
18675
18674
18673
18671
18668
18666
18660
18657
18652
18644
18634
18632
18632
18625
18619
18614
18606
18600
18599
18596
18591
18579
18575
18570
18569
18564
18539
18537
18530
18522
18521
18511
18508
18507
18505
18492
18492
18487
18481
18476
18468
18467
18461
18455
18453
18451
18450
18443
18442
18429
18426
18423
18423
18413
18409
18408
18408
18406
18384
18382
18381
18378
18363
18356
18342
18341
18334
18328
18327
18327
18319
18317
18316
18310
18291
18275
18272
18272
18271
18262
18260
18258
18238
18221
18220
18214
18213
18204
18202
18190
18188
18180
18175
18170
18168
18165
18151
18147
18146
18138
18130
18125
18107
18103
18103
18103
18102
18100
18092
18078
18066
18060
18043
18020
18015
18011
18002
17996
17994
17992
17990
17984
17974
17964
17958
17953
17940
17934
17933
17918
17915
17907
17906
17905
17901
17885
17876
17866
17862
17856
17853
17850
17842
17836
17833
17816
17813
17809
17800
17800
17787
17782
17782
17779
17772
17759
17750
17734
17726
17720
17718
17712
17707
17704
17689
17687
17675
17671
17670
17670
17659
17653
17643
17636
17635
17629
17626
17623
17623
17619
17610
17582
17581
17580
17576
17576
17574
17573
17564
17556
17540
17526
17520
17517
17514
17511
17503
17493
17492
17491
17480
17478
17471
17462
17441
17436
17435
17427
17427
17420
17418
17408
17395
17384
17383
17382
17356
17351
17330
17321
17319
17310
17290
17283
17282
17267
17252
17249
17248
17244
17243
17242
17241
17240
17220
17217
17216
17197
17194
17168
17160
17155
17154
17153
17152
17151
17147
17140
17135
17131
17129
17120
17104
17092
17083
17079
17052
17051
17047
17042
17041
17036
17030
17028
17025
17024
17017
17008
16982
16967
16951
16949
16942
16938
16930
16919
16917
16904
16897
16894
16891
16890
16881
16858
16857
16854
16850
16847
16828
16821
16819
16814
16808
16807
16804
16799
16797
16793
16791
16788
16788
16767
16763
16763
16742
16741
16741
16738
16738
16732
16731
16730
16723
16719
16713
16703
16699
16688
16684
16678
16678
16676
16673
16670
16665
16662
16655
16649
16645
16641
16632
16626
16625
16621
16619
16614
16599
16598
16592
16588
16579
16578
16561
16556
16545
16539
16539
16533
16532
16523
16520
16514
16510
16506
16502
16494
16490
16490
16485
16478
16474
16468
16466
16466
16457
16453
16449
16442
16436
16419
16409
16408
16403
16389
16378
16376
16374
16373
16371
16367
16359
16359
16351
16333
16331
16297
16296
16287
16287
16287
16286
16278
16269
16258
16254
16253
16250
16230
16228
16221
16215
16208
16198
16197
16193
16188
16170
16167
16166
16166
16164
16161
16157
16156
16149
16147
16146
16140
16131
16115
16105
16104
16101
16082
16082
16081
16071
16071
16069
16065
16064
16057
16043
16034
16033
16028
16023
16021
16021
16020
16020
16019
16012
16004
15998
15990
15986
15985
15982
15982
15981
15977
15968
15968
15964
15963
15963
15961
15947
15946
15944
15944
15941
15941
15931
15930
15930
15928
15927
15925
15923
15910
15901
15898
15889
15868
15866
15851
15849
15847
15843
15843
15840
15838
15833
15833
15828
15826
15818
15796
15789
15786
15773
15767
15757
15745
15722
15720
15712
15710
15702
15700
15699
15692
15688
15686
15685
15681
15678
15672
15671
15667
15660
15656
15655
15647
15646
15638
15630
15623
15617
15612
15610
15606
15606
15605
15587
15583
15578
15575
15575
15575
15573
15569
15537
15536
15534
15533
15531
15525
15516
15506
15500
15494
15478
15475
15475
15459
15459
15459
15449
15448
15443
15441
15435
15432
15431
15422
15410
15404
15400
15398
15395
15393
15384
15382
15381
15376
15367
15360
15360
15346
15341
15340
15339
15338
15335
15331
15329
15327
15326
15324
15324
15317
15316
15316
15312
15309
15306
15305
15301
15298
15282
15282
15271
15269
15266
15265
15264
15263
15248
15233
15231
15228
15222
15214
15206
15190
15185
15176
15176
15173
15170
15162
15153
15149
15147
15139
15131
15130
15125
15120
15108
15105
15101
15051
15049
15037
15037
15033
15019
14989
14973
14973
14969
14966
14964
14934
14923
14916
14914
14911
14910
14907
14906
14901
14888
14887
14886
14885
14883
14880
14878
14878
14877
14872
14863
14862
14855
14849
14845
14843
14842
14838
14833
14829
14816
14803
14801
14794
14789
14786
14784
14783
14782
14781
14781
14777
14775
14756
14753
14750
14745
14744
14738
14731
14723
14722
14712
14699
14695
14690
14686
14685
14677
14667
14663
14660
14654
14640
14640
14635
14635
14620
14612
14609
14606
14606
14603
14598
14595
14592
14590
14590
14582
14575
14573
14569
14568
14564
14563
14552
14551
14550
14549
14546
14544
14544
14543
14536
14534
14528
14519
14511
14506
14501
14497
14495
14494
14494
14491
14489
14487
14487
14483
14480
14478
14474
14473
14467
14444
14438
14436
14432
14424
14420
14419
14416
14413
14390
14389
14386
14383
14378
14376
14371
14368
14367
14356
14356
14350
14334
14333
14329
14329
14320
14320
14319
14315
14314
14310
14305
14304
14303
14296
14296
14293
14277
14274
14273
14272
14265
14264
14264
14262
14256
14249
14241
14234
14226
14226
14221
14218
14218
14210
14209
14193
14190
14186
14183
14180
14177
14167
14162
14162
14160
14156
14152
14145
14144
14140
14133
14127
14123
14123
14115
14115
14109
14107
14106
14105
14095
14093
14087
14086
14086
14083
14079
14070
14068
14063
14053
14048
14042
14040
14036
14030
14024
14024
14024
14017
14013
14013
14012
14011
13982
13965
13963
13954
13950
13948
13948
13942
13942
13939
13937
13933
13930
13928
13924
13924
13922
13922
13909
13903
13902
13899
13896
13890
13886
13884
13878
13875
13871
13870
13865
13849
13836
13835
13833
13831
13825
13823
13821
13818
13806
13804
13803
13793
13789
13786
13777
13777
13772
13759
13758
13757
13755
13753
13741
13734
13731
13703
13701
13698
13686
13683
13680
13673
13672
13671
13669
13661
13648
13647
13645
13637
13635
13629
13628
13625
13622
13622
13621
13619
13616
13615
13611
13611
13606
13605
13604
13602
13589
13581
13581
13572
13561
13561
13558
13558
13558
13556
13546
13541
13539
13537
13537
13536
13531
13531
13527
13525
13524
13522
13516
13511
13511
13510
13510
13503
13498
13488
13483
13477
13472
13470
13462
13460
13456
13446
13441
13440
13439
13438
13434
13432
13429
13423
13422
13414
13410
13408
13406
13402
13397
13397
13396
13395
13387
13386
13383
13379
13378
13376
13375
13374
13373
13373
13372
13364
13363
13363
13361
13357
13356
13355
13350
13348
13335
13335
13330
13329
13319
13317
13316
13316
13307
13303
13301
13300
13299
13295
13292
13290
13284
13283
13276
13275
13274
13271
13265
13264
13260
13259
13258
13257
13256
13256
13254
13249
13249
13247
13246
13237
13235
13235
13233
13230
13221
13217
13217
13213
13212
13211
13199
13190
13187
13180
13179
13176
13165
13148
13148
13142
13136
13131
13128
13125
13124
13122
13122
13107
13107
13107
13106
13100
13099
13096
13089
13088
13087
13085
13076
13074
13074
13069
13063
13063
13060
13055
13053
13053
13052
13051
13050
13045
13042
13041
13040
13038
13038
13037
13035
13035
13033
13020
13017
13016
13014
13013
13012
13009
13003
12997
12995
12993
12993
12988
12988
12976
12971
12971
12965
12965
12964
12959
12955
12949
12942
12941
12937
12935
12934
12924
12923
12923
12922
12918
12918
12916
12915
12913
12905
12904
12899
12897
12894
12891
12880
12872
12870
12867
12865
12865
12859
12859
12852
12851
12848
12847
12844
12842
12839
12837
12835
12833
12831
12827
12827
12826
12825
12825
12825
12824
12823
12822
12820
12814
12813
12812
12811
12802
12801
12801
12799
12798
12794
12792
12790
12785
12784
12780
12776
12776
12774
12774
12764
12763
12763
12758
12756
12756
12754
12754
12753
12752
12750
12750
12746
12746
12744
12740
12738
12733
12733
12731
12730
12730
12730
12728
12725
12723
12720
12718
12718
12717
12717
12717
12717
12714
12714
12714
12714
12713
12713
12712
12712
12712
12712
12711
