123162607
99324182
97233632
88770071
80583907
75604082
68025615
66074142
61502285
61004175
58222418
58125159
50405472
47959756
44936390
42160203
41474428
37387206
37039579
34727059
31533328
30557763
30179898
29127157
27310399
27284246
26233858
26114063
26038344
25635619
25451297
25091131
24789716
24509113
24204527
24047400
23104294
22507728
20468734
20433489
20345250
19684544
19591717
19364822
19120218
18884161
18727612
18634535
18026184
17973932
17382903
17257437
16917046
16844502
16669964
16533500
16198516
16067890
16033947
15890766
15877446
15559558
15457627
15118474
14933216
14852075
14571657
14423121
14412277
13951272
13588118
13527150
13443395
13331567
13267090
13188157
13162056
12657881
12512859
12495791
12490899
12453817
12442507
12426348
12368358
12219202
12157725
12030927
12006519
11994630
11896215
11890283
11721030
11717970
11637896
11483881
11419276
11414484
11231405
10971768
10951797
10945498
10937497
10709113
10660304
10601328
10518680
10456103
10430695
10332765
10113914
9974078
9900734
9674433
9557816
9427816
9346318
9345751
9291396
9272429
9190488
9183129
9100404
9087221
8983024
8924784
8913207
8912029
8886615
8877079
8830744
8737401
8617224
8587591
8531840
8483700
8273017
8234877
8186212
8183513
8110292
7949423
7928651
7816480
7695207
7513935
7453955
7379068
7313571
7304456
7290884
7290235
7129413
7097027
7008203
6922557
6902698
6878129
6872540
6856307
6854686
6785226
6724375
6694010
6676568
6624570
6474500
6451955
6330073
6329988
6307063
6304801
6271983
6209872
6143054
6082223
6077280
6066519
5979804
5944800
5918928
5902304
5763389
5743545
5726901
5681015
5661140
5621464
5610397
5607204
5567853
5549568
5532893
5507401
5488781
5484672
5411869
5399149
5393362
5355008
5347507
5284061
5270178
5265501
5250152
5146222
5141504
5116122
5070438
4887058
4875705
4869704
4848674
4744083
4726688
4718198
4704879
4690331
4589346
4567884
4490358
4482753
4459432
4457196
4447236
4443075
4427168
4421206
4391498
4383919
4366827
4307141
4259341
4234379
4223372
4179071
4178986
4172902
4150805
4143489
4137858
4118474
4118345
4083235
4077983
4076813
4064397
4041679
4031926
4027252
4023362
3990019
3929872
3922786
3875115
3818913
3808657
3783227
3769668
3769283
3763083
3757116
3687277
3649518
3639276
3627334
3621413
3611850
3605039
3601490
3577167
3575386
3503733
3489931
3482030
3473796
3460996
3452676
3448688
3447271
3445093
3443760
3435707
3432407
3349561
3349384
3311875
3299623
3296585
3291911
3289682
3287469
3277692
3252804
3248344
3233043
3224225
3173652
3158474
3157146
3140617
3103128
3100614
3098125
3092460
3092057
3087091
3068125
3044128
3038522
3015772
3007983
3007586
3004589
2988315
2964248
2957577
2940002
2936607
2917623
2916799
2867842
2864943
2862093
2853615
2849437
2826285
2823564
2795731
2794093
2793239
2780907
2777073
2755697
2742226
2733610
2723773
2692085
2679312
2678215
2672819
2671225
2649288
2636203
2605617
2562698
2562043
2550801
2524194
2504267
2495063
2492735
2491299
2489659
2464458
2455700
2447673
2427973
2425563
2407472
2406054
2402572
2402367
2397855
2391830
2374979
2372211
2367615
2364674
2348439
2342524
2330795
2330545
2329160
2324841
2322415
2321868
2314953
2273387
2261724
2235074
2229563
2228091
2212938
2203597
2198208
2193131
2180387
2176610
2169827
2141331
2128091
2128038
2124735
2117113
2107717
2101916
2089664
2087199
2087162
2086291
2066478
2060563
2056927
2048610
2046455
2040497
2024412
2011015
1994067
1988592
1975441
1970168
1966252
1964528
1937987
1926523
1926128
1910742
1906358
1905724
1890565
1885188
1868477
1841017
1812325
1805290
1802363
1790671
1765840
1764697
1750033
1744062
1726852
1712793
1712216
1711352
1706515
1693819
1691730
1678557
1676885
1659114
1657571
1656553
1656200
1652694
1649370
1645630
1642231
1635981
1631912
1630506
1624387
1622900
1620767
1616424
1609980
1604411
1600441
1598134
1594458
1590224
1589154
1585882
1573851
1569545
1568747
1566885
1559090
1553828
1551104
1549351
1548038
1546489
1543425
1525533
1521531
1519918
1511429
1506562
1503788
1503135
1501553
1500813
1489353
1489316
1488683
1483596
1477991
1477989
1471179
1454696
1451850
1451494
1447981
1437661
1435118
1431610
1430458
1430243
1419189
1417189
1409249
1405359
1401011
1392625
1386070
1380688
1378430
1376780
1373235
1372814
1360738
1354587
1354035
1352444
1347765
1345429
1340584
1339832
1339448
1337492
1332052
1328870
1327557
1317894
1317554
1314890
1309132
1302431
1300028
1299011
1292757
1277543
1271923
1264179
1263910
1252378
1252314
1251754
1244673
1238029
1236710
1235806
1235305
1231873
1231545
1222206
1216354
1215251
1214520
1208400
1205032
1203679
1192778
1192760
1186643
1186406
1183776
1180392
1178911
1167801
1166382
1163594
1159814
1157025
1156953
1156924
1146641
1145825
1142434
1142172
1136988
1128911
1128173
1126202
1125621
1123494
1118260
1117780
1115809
1114878
1114046
1112917
1110433
1106439
1105157
1103434
1099267
1096468
1090457
1083060
1066924
1064517
1062355
1059191
1057590
1050256
1046514
1046503
1040308
1040099
1038707
1037906
1036118
1028127
1022159
1020126
1019836
1014746
1009532
1009331
1009035
1004750
1002937
1002541
1002030
1000369
999762
993094
990258
989559
983689
981522
974507
970791
969793
968838
965533
961678
958903
957179
956438
945558
945537
943282
933017
932937
932068
930159
928624
925357
925044
924257
924202
924066
918698
916131
913763
911748
908607
906674
905990
903321
899633
897802
896177
895356
893986
892661
892431
891610
891107
890658
889926
889021
888832
886297
885046
884888
884680
884592
883840
882600
877393
876469
871104
869368
867078
862196
858286
853975
853580
849215
849008
848218
846656
843936
841778
840826
840680
839176
837987
836860
833915
829930
826234
825844
825603
823092
822041
820179
819863
819328
818360
815668
813401
811818
808626
806596
804574
804177
803832
802976
793412
787379
786354
785713
784797
784436
782969
781592
779429
778044
777982
775559
774547
773182
771768
770598
770322
765336
765216
764651
764002
763968
762920
762336
759665
757528
756734
756593
756521
756291
753987
750998
749291
748187
746483
746396
746311
745680
742523
741796
741291
741082
739951
734395
730841
725979
725410
722990
721496
720663
718224
717008
716535
715515
715436
715055
713901
713693
713309
708974
707983
705640
705244
704008
703099
701939
700155
698388
696763
696128
694957
694413
690331
690123
688679
687939
681880
681396
679995
679081
678574
677417
676132
675545
674694
672587
670470
669810
668854
666424
665979
664938
664396
663707
663339
659787
658895
658221
656765
654800
646301
646189
646188
646106
645413
644498
644047
642511
641483
641059
640910
638859
638194
636890
636417
636321
635947
635637
632840
631951
629347
629128
628435
627236
626448
624763
624396
623273
623270
622473
621660
621539
619060
613948
613046
612408
611570
609952
609299
607930
606284
605950
605712
605519
604882
603564
602754
600264
593878
593829
591915
589179
587862
586589
585427
584912
582442
578401
578385
577424
577270
576098
575752
573222
571637
571038
570483
568953
568736
568087
567685
566389
564655
564215
564172
564112
563826
563524
563344
562728
562652
562323
562075
560760
558019
557647
557538
557447
555763
555733
555068
554713
554365
552911
552016
550806
547872
546637
546087
545333
545088
543288
542625
542418
541233
540129
537990
537789
537609
536962
536936
536736
535673
535667
535642
535361
534356
534271
533397
532661
531530
531337
531285
529075
525603
525332
525120
524302
523377
522218
522131
521937
521435
520496
518741
517932
517625
516482
516272
515437
515059
514414
514023
513407
511972
509159
508964
508298
507244
506459
506241
506045
505857
505777
505561
505318
504663
504462
503665
502405
501206
500581
500578
500456
499660
499143
497938
497837
496658
496525
495824
495482
495283
493398
493058
492505
492178
489726
489550
488258
487811
487084
486253
486016
484820
482177
480329
479566
479325
478457
478307
477955
477626
477301
477180
476138
475888
474454
472933
472581
471709
469939
468458
468188
466206
466037
465959
465012
464255
463647
462932
459904
459897
458764
458093
457352
455308
455108
455061
454705
454244
453948
453492
453015
451883
450846
450209
449450
448615
447629
446596
446195
446000
444848
443467
443164
442963
442146
441788
441099
439812
439147
438361
437829
435654
435183
434137
434119
433365
433129
431749
431651
430678
430382
428459
428361
428342
427587
426754
426247
424302
422835
422582
422364
421007
420771
420769
420133
419654
419174
419083
418587
418262
415058
415024
414050
413269
412932
412444
412028
411925
411820
411807
411253
410845
410394
409419
409101
409001
408800
408533
408321
407201
407038
406452
405774
405472
405399
404344
404266
404083
401696
401668
401541
401208
400673
400434
400004
399021
398458
398360
397616
397164
396497
396206
396011
395742
395679
394856
393376
392879
392730
392149
391153
390595
388807
388020
387967
386261
386016
384384
384165
383258
383188
382929
382788
382600
382218
381632
381526
381060
380521
379618
379444
379139
379112
378733
378147
377403
376586
376565
376554
376288
375765
374540
374430
374039
373804
373750
372570
372375
371926
371751
370912
370877
369846
369657
368710
368484
368099
367540
367255
366289
366090
365879
365674
365271
364247
363777
362755
361893
361708
361682
361037
360596
360002
359683
359104
359092
358584
358507
358401
357943
357922
356813
356355
355890
355728
355472
355277
355100
354484
353957
352751
351070
349854
349739
349618
349283
348986
348761
348301
348167
347775
347691
347588
346758
346371
345256
345006
344946
344276
343710
343617
342239
342228
342167
341823
339819
339735
339292
339021
338767
338711
338519
337876
337727
337600
336751
336334
336081
336018
335867
333457
333380
333151
332561
332243
331948
331411
331245
331077
330430
330011
329885
329885
329657
329419
328850
328764
328051
326920
326176
325860
324626
324475
324186
324153
323969
323189
322833
322736
322549
322384
321999
321422
321013
321004
320570
320304
320218
319936
319833
319019
318836
318350
317861
317488
317440
317419
317377
317184
316895
316705
316130
316012
316001
315574
315356
314051
314050
313920
313901
312965
312640
312532
311856
311124
311035
310947
310130
309886
309668
309608
309246
309113
308709
308572
308522
308019
307644
307540
307380
306753
306294
305987
305576
305313
305307
304617
303941
303343
303144
303138
303138
302588
302585
302503
302412
301688
301372
301166
300553
300480
299778
299358
299095
298189
297162
296943
296851
296737
296715
296694
296631
295883
295299
293837
293369
293139
293027
292903
292752
292361
292240
291506
291394
291356
290862
290668
290536
290169
289354
289322
289011
288638
288577
288570
288334
287563
287164
286895
286539
286125
285788
285387
284679
284090
283574
283561
283558
283339
283283
282918
282886
282835
282220
282110
282054
281938
281833
281514
281400
281212
281211
281150
280893
280781
279724
279617
279339
279158
279103
278974
278268
278003
277614
277536
277076
276895
276201
275970
275894
275830
275334
275080
275055
274560
274504
274478
274086
274038
273516
273191
272949
272541
272447
272298
272127
271816
271544
271402
271394
271144
271076
270920
270874
270556
270447
270400
269996
269517
269499
269030
268787
268391
268200
267807
267246
266723
266623
266361
266297
266255
266234
266228
266187
265537
265074
264516
263884
263677
263483
263265
262961
262670
261865
261793
261733
261707
261549
260917
260845
260585
260295
259535
259508
259400
259346
259088
258998
258740
258335
257663
257576
257107
257022
256827
256335
256070
255876
255690
255665
255528
255401
255151
254942
254876
254303
253754
253046
252617
252358
252132
251927
251646
251521
251205
251147
249695
249384
249198
249098
248605
248350
248072
247211
246887
246592
246524
246228
246151
246113
245950
245705
245613
245592
245421
244540
244471
244088
243890
243882
243589
243500
243072
242082
241932
241895
241576
241273
240674
240362
240094
240077
240026
239877
239870
239849
239720
239719
239708
239352
239062
238881
238842
238774
238583
238519
237915
237896
237881
237771
237304
237087
236996
236968
236909
236857
236646
236265
236075
235846
235375
235260
234970
234484
234179
233801
233659
233584
233578
233452
233258
232897
232800
232799
232303
232290
232060
231877
231735
231590
231501
231111
230324
229992
228551
228270
228036
227746
227688
227271
227119
227107
227041
226656
226532
226369
226362
226340
226277
226225
226101
225774
225751
225592
224882
224824
224525
224476
223892
223736
223724
223453
223151
223045
222723
222339
221844
221729
221692
221423
221254
221075
221027
221004
220706
220622
220616
220514
220337
220115
220026
219790
219640
219549
219471
219332
219234
218519
218498
218390
218358
218319
218190
217882
217793
217724
217675
217661
217614
217471
217241
217039
216948
216902
216852
216828
216424
216158
215886
215281
215222
215051
214892
214739
213775
213559
213148
212981
212943
212021
212001
211959
211877
211852
211824
211801
211748
211421
211296
211163
211155
211032
210938
210300
210292
210245
210215
210092
209923
209814
209613
209326
209189
209122
209053
208772
208549
208184
207892
207785
207705
207131
207000
206895
206693
206250
206216
205929
205848
205702
205628
205403
205316
205070
204702
204605
204106
203268
203114
203006
202832
202677
202403
202079
202032
202000
201980
201928
201832
201819
201725
201675
201580
201493
201397
201327
200928
200905
200734
200632
200605
200425
200368
200064
199754
199625
199011
198953
198508
198458
198372
198210
198127
198062
197354
197286
197079
197056
196946
196370
196321
196253
196236
195988
195977
195645
195366
195184
194904
194861
194828
194823
194691
194670
194498
194377
194237
193322
193038
193035
192997
192959
192704
192471
191912
191769
191748
191618
191583
191572
191421
191385
191259
191148
190972
190626
190454
190364
190084
190065
190063
190039
189789
189697
189515
189445
188946
188863
188660
188614
188448
188369
188157
187618
187284
187153
186753
186684
186622
186541
186408
186216
186107
186033
185976
185791
185600
185534
185347
185159
184942
184469
184400
184110
183758
183740
183729
183629
183583
183498
183179
183161
181531
181444
181396
181271
181252
181169
180977
180747
180739
180727
180708
180558
180523
180351
180314
180295
180258
180036
179821
179721
179210
179184
178999
178872
178736
178719
178632
178590
178311
178294
178236
178227
177720
177431
177354
177185
177177
177170
177024
177019
176973
176919
176915
176766
176605
176485
176306
176192
176073
176033
175985
175928
175893
175881
175821
175678
175578
175382
175208
175091
175081
175078
174955
174919
174910
174713
174675
174580
174425
174332
173927
173810
173614
173589
173364
173181
173158
173040
173020
172995
172782
172781
172768
172736
172617
172269
172132
171959
171891
171553
171532
171379
171371
171156
171045
171036
170442
170424
170207
170109
170022
170006
169871
169784
169644
169331
169194
169171
169105
168999
168949
168807
168685
168617
168208
168119
168018
167913
167676
167662
167527
167433
167346
167332
167221
167170
166763
166757
166525
166403
166390
166193
166089
166065
166024
165916
165829
165675
165645
165634
165441
165410
165399
165303
164930
164929
164801
164765
164710
164589
164439
164300
164274
164265
164121
163833
163609
163524
163521
163249
162770
162731
162666
162306
161711
161495
161363
161250
160859
160530
160416
160246
160216
160003
159976
159753
159515
159512
159482
159210
159050
159036
158789
158604
158003
158000
157989
157901
157900
157890
157861
157855
157493
157410
157356
157319
157237
157146
157072
156835
156521
156405
156401
156376
156294
155869
155674
155532
155465
155415
155115
154960
154933
154874
154793
154587
154476
154433
154148
154135
154042
154027
153744
153509
153464
153401
153361
153132
152973
152772
152243
151934
151855
151830
151406
151127
151004
150907
150876
150836
150461
150199
150100
149939
149935
149892
149647
149569
149514
149264
149175
148949
148888
148763
148653
148605
148309
148187
148028
147947
147876
147696
147669
147640
147640
147585
147558
147264
147193
147044
147008
146528
146511
146444
146377
146174
146016
145839
145836
145825
145789
145760
145741
145684
145563
145475
145437
145388
145301
145277
145092
145065
144859
144794
144637
144535
144519
144512
144432
144315
144131
144014
143919
143849
143801
143600
143498
143363
143354
143353
143294
143227
143166
143073
142177
142030
141922
141895
141876
141867
141844
141794
141726
141723
141718
141683
141672
141328
141288
141208
141162
141135
140921
140819
140769
140713
140447
140331
140318
140266
140201
140063
140062
140021
139797
139668
139664
139628
139545
139524
139399
139300
139247
139095
138968
138890
138770
138676
138598
138571
138556
138544
138511
138464
138423
138406
138342
138341
138301
138242
138165
138025
137700
137402
137220
137099
137033
136967
136843
136653
136543
136537
136437
136335
136314
136088
135964
135832
135830
135821
135738
135714
135635
135588
135567
135548
135466
135330
135202
135137
134967
134940
134921
134845
134836
134834
134809
134447
134437
134403
133845
133664
133585
133539
133514
133440
133373
133344
133273
133196
133023
133020
132990
132857
132854
132683
132625
132595
132155
132051
132020
131969
131901
131861
131763
131636
131623
131433
131378
131253
131241
131203
131055
130967
130614
130077
130064
130000
129794
129643
129600
129297
128965
128931
128914
128897
128882
128834
128833
128788
128733
128657
128598
128585
128475
128387
128232
128173
127928
127918
127812
127353
127280
127193
126912
126821
126796
126780
126708
126676
126568
126410
126352
126281
126233
126215
126002
125979
125970
125930
125896
125862
125783
125739
125695
125666
125542
125542
125498
125470
125433
125307
125190
125186
125172
124915
124855
124793
124641
124619
124544
124543
124456
124435
124337
124033
123999
123843
123758
123715
123599
123449
123381
123327
123225
123184
123162
122965
122911
122884
122876
122876
122872
122787
122608
122306
122282
122001
121847
121828
121782
121781
121724
121688
121577
121546
121465
121426
121420
121223
121202
121202
121191
121151
121118
120968
120914
120913
120769
120706
120650
120649
120548
120543
120539
120254
120236
120199
120191
120103
119872
119871
119766
119765
119757
119754
119699
119662
119510
119483
119412
119393
119336
119247
119233
119062
119035
118998
118995
118715
118622
118610
118572
118510
118415
118233
118099
118075
118056
118012
117975
117777
117645
117625
117586
117520
117514
117509
117340
117263
117238
117218
117188
117082
117081
117076
117009
116969
116841
116825
116698
116543
116542
116528
116525
116504
116445
116435
116422
116367
116360
116315
116280
116264
116247
116093
116038
115915
115743
115736
115704
115540
115453
115439
115432
115428
115402
115369
115329
115319
115221
114909
114865
114727
114664
114546
114518
114427
114422
114397
114358
114346
114296
114288
114036
113996
113983
113942
113929
113829
113812
113775
113768
113715
113448
113346
113328
113312
113285
113226
113223
113127
113126
113036
113009
112969
112943
112933
112815
112796
112776
112499
112490
112439
112402
112295
112145
112117
111930
111834
111779
111531
111380
111241
111232
111123
111092
111072
110945
110943
110789
110753
110667
110664
110487
110419
110401
110349
110304
110245
110189
110187
110098
110082
109928
109927
109881
109819
109698
109654
109648
109627
109556
109546
109535
109519
109517
109486
109465
109164
109099
109060
109013
108977
108912
108891
108763
108591
108520
108513
108269
108247
108154
108129
107934
107810
107775
107724
107680
107660
107647
107640
107605
107549
107244
107218
107071
107028
106906
106877
106855
106775
106710
106536
106523
106517
106502
106412
106335
106275
106133
106075
106060
105827
105826
105819
105693
105653
105642
105625
105622
105590
105561
105474
105240
105166
105082
104976
104887
104872
104856
104817
104798
104785
104785
104765
104754
104738
104719
104668
104553
104528
104501
104405
104400
104398
104397
104373
104326
104299
104216
104178
104154
104078
104037
104032
104009
103914
103913
103901
103880
103859
103847
103842
103821
103796
103732
103731
103720
103676
103649
103628
103595
103578
103562
103484
103470
103437
103317
103212
103154
103131
103086
103072
103023
102981
102977
102889
102884
102862
102812
102804
102760
102734
102613
102520
102440
102428
102410
102397
102326
102300
102284
102068
102004
101997
101872
101849
101666
101597
101500
101372
101296
101251
101215
101174
101139
101130
101098
101083
101079
101078
101062
100978
100890
100847
100830
100784
100687
100685
100483
100427
100350
100332
100320
100269
100152
100145
100125
100085
100061
100057
100006
100003
99773
99750
99669
99668
99660
99576
99418
99401
99333
99164
98897
98823
98810
98807
98776
98729
98616
98605
98514
98455
98383
98379
98344
98312
98302
98234
98234
98229
98172
98157
98143
97964
97959
97888
97818
97783
97656
97597
97554
97472
97423
97408
97331
97319
97308
97257
97197
97174
97015
97009
96930
96877
96866
96859
96735
96532
96490
96332
96188
96151
96080
95967
95903
95784
95773
95748
95596
95553
95545
95541
95420
95381
95351
95282
95280
95273
95179
95091
95086
95079
94989
94975
94948
94948
94911
94893
94825
94732
94718
94672
94652
94589
94584
94498
94486
94394
94365
94318
94251
94249
94248
94230
94196
94136
94057
94016
93999
93981
93793
93767
93763
93758
93682
93549
93538
93492
93431
93267
93262
93191
92977
92955
92887
92864
92815
92788
92743
92733
92706
92582
92571
92492
92430
92235
92200
92182
92164
92154
92117
91980
91945
91864
91833
91814
91791
91729
91713
91706
91678
91670
91664
91600
91579
91570
91482
91446
91437
91354
91338
91320
91163
91134
91115
91086
91057
91038
91001
91000
90995
90734
90714
90703
90520
90240
90196
90188
90092
90088
90078
90064
90016
89906
89898
89877
89824
89806
89717
89593
89539
89491
89489
89481
89463
89356
89345
89311
89005
88997
88853
88848
88843
88777
88771
88639
88570
88550
88426
88416
88297
88278
88250
88241
88233
88217
88191
88115
88079
88062
87987
87966
87880
87880
87795
87782
87763
87759
87749
87734
87720
87705
87644
87580
87550
87509
87480
87428
87402
87356
87353
87333
87327
87297
87288
87263
87181
87141
87107
87080
87067
86984
86918
86879
86794
86747
86743
86743
86729
86707
86698
86617
86588
86575
86512
86466
86460
86426
86410
86405
86392
86240
86228
86188
86185
86005
85997
85940
85902
85886
85885
85852
85791
85744
85681
85625
85597
85483
85430
85338
85224
85220
85176
85158
85152
85116
85109
85101
85095
85069
85050
85023
85007
84815
84804
84801
84663
84661
84636
84474
84460
84453
84403
84318
84317
84307
84253
84152
84121
84056
84034
83836
83729
83709
83694
83677
83654
83652
83608
83580
83555
83503
83421
83378
83373
83329
83317
83283
83233
83175
83038
83005
82988
82972
82823
82771
82697
82683
82675
82667
82664
82650
82634
82538
82434
82425
82403
82368
82296
82162
82156
82150
82148
82097
82085
82051
82024
81985
81974
81897
81827
81813
81747
81714
81690
81654
81629
81573
81563
81539
81533
81501
81483
81481
81431
81349
81338
81302
81286
81261
81231
81218
81189
81186
81181
81171
81116
81077
81057
81051
81044
81041
81002
80986
80870
80786
80762
80591
80535
80442
80435
80397
80377
80374
80360
80345
80325
80274
80248
80246
80235
80145
80125
80099
80066
80007
79969
79909
79894
79889
79842
79828
79759
79758
79752
79745
79719
79686
79684
79678
79659
79634
79616
79553
79507
79496
79485
79458
79443
79396
79339
79337
79321
79314
79309
79216
79198
79169
79065
79026
79006
78997
78971
78946
78933
78841
78744
78527
78501
78488
78430
78417
78350
78337
78325
78307
78211
78189
78178
78167
78128
78125
78099
78096
78051
77938
77934
77909
77890
77877
77795
77787
77773
77677
77628
77610
77578
77519
77487
77456
77407
77324
77318
77292
77255
77219
77187
77138
77107
77099
77097
77094
77075
77067
76998
76954
76848
76840
76821
76748
76736
76677
76587
76557
76549
76548
76523
76509
76501
76495
76372
76324
76324
76321
76260
76224
76181
76176
76174
76173
76127
76039
76027
76004
75971
75803
75736
75685
75523
75456
75416
75370
75302
75247
75218
75155
75150
75145
75129
75094
74947
74896
74882
74835
74808
74775
74732
74619
74608
74592
74586
74555
74544
74520
74499
74485
74454
74375
74327
74321
74320
74314
74307
74304
74303
74204
74186
74173
74156
74144
74140
74091
74089
74086
74073
74055
74055
74033
74020
74016
73995
73972
73957
73940
73920
73914
73899
73849
73838
73816
73798
73789
73766
73754
73628
73608
73575
73568
73560
73559
73530
73504
73459
73378
73352
73334
73326
73305
73303
73271
73252
73252
73234
73140
73136
73086
73073
73007
72964
72961
72904
72895
72802
72799
72773
72722
72715
72711
72649
72572
72473
72446
72441
72439
72406
72379
72370
72365
72288
72270
72255
72210
72166
72154
72126
72123
72062
72013
71991
71989
71970
71947
71914
71901
71868
71808
71800
71799
71704
71696
71667
71662
71607
71562
71485
71465
71429
71403
71382
71370
71363
71356
71274
71270
71205
71152
71147
71146
71109
71106
70980
70967
70946
70906
70873
70846
70830
70786
70782
70743
70726
70678
70677
70638
70600
70515
70497
70455
70423
70356
70348
70317
70257
70226
70211
70173
70133
70106
70090
70036
70033
70021
69999
69994
69994
69840
69836
69824
69794
69793
69760
69751
69745
69697
69656
69589
69573
69544
69534
69524
69511
69496
69468
69463
69454
69441
69410
69396
69387
69351
69292
69265
69263
69234
69227
69180
69151
69139
69119
69082
69052
69050
69033
69018
69009
69000
68938
68890
68862
68827
68821
68820
68815
68791
68776
68776
68739
68731
68724
68680
68678
68678
68676
68640
68639
68626
68604
68600
68582
68574
68552
68526
68451
68395
68366
68361
68344
68315
68306
68305
68303
68286
68241
68211
68204
68201
68195
68179
68175
68157
68150
68120
68059
68033
68023
68022
68002
67999
67951
67839
67811
67774
67747
67730
67729
67718
67669
67665
67645
67552
67548
67545
67538
67534
67516
67489
67482
67479
67470
67432
67392
67355
67298
67281
67266
67256
67212
67188
67141
67137
67082
67057
67055
67045
67011
67008
66952
66943
66927
66921
66890
66880
66870
66835
66814
66810
66810
66771
66768
66729
66703
66629
66558
66557
66550
66455
66443
66382
66342
66315
66283
66244
66226
66225
66219
66177
66159
66103
66074
66058
66044
66040
65991
65909
65871
65819
65814
65800
65769
65769
65760
65728
65603
65594
65556
65477
65417
65394
65357
65343
65332
65305
65246
65219
65184
65109
65022
64979
64959
64945
64940
64938
64891
64887
64865
64845
64828
64801
64779
64766
64764
64731
64717
64683
64634
64614
64591
64585
64569
64558
64545
64533
64498
64468
64466
64410
64403
64401
64350
64338
64257
64252
64251
64249
64213
64209
64179
64125
64116
64024
64016
63996
63957
63936
63931
63860
63790
63744
63721
63717
63684
63665
63633
63587
63561
63515
63508
63447
63430
63407
63401
63363
63362
63348
63187
63145
63090
63055
63039
63035
63002
62982
62980
62972
62964
62952
62928
62879
62871
62858
62832
62782
62723
62714
62708
62629
62595
62582
62555
62519
62517
62513
62481
62471
62468
62449
62417
62364
62350
62348
62323
62292
62287
62274
62253
62188
62093
62071
62056
62050
62025
62011
62004
61984
61951
61919
61915
61886
61866
61844
61841
61825
61819
61810
61809
61786
61783
61776
61717
61717
61690
61681
61674
61670
61646
61630
61587
61578
61568
61555
61528
61489
61477
61396
61385
61373
61337
61336
61318
61311
61263
61258
61202
61191
61169
61141
61140
61137
61122
61112
61095
61090
61083
61055
61013
60991
60956
60912
60901
60882
60881
60864
60802
60800
60800
60787
60783
60768
60764
60755
60734
60726
60670
60669
60619
60616
60603
60559
60548
60515
60512
60496
60486
60471
60458
60454
60440
60434
60408
60392
60376
60350
60339
60337
60332
60315
60190
60163
60130
60127
60078
60032
60012
60010
59977
59977
59961
59923
59900
59888
59881
59853
59850
59820
59786
59784
59765
59750
59739
59720
59695
59692
59690
59687
59669
59666
59663
59633
59606
59604
59561
59549
59526
59516
59469
59438
59414
59335
59306
59283
59278
59225
59211
59208
59178
59171
59148
59139
59111
59079
59013
58913
58903
58830
58770
58751
58746
58722
58706
58704
58674
58631
58568
58528
58486
58479
58405
58403
58379
58329
58327
58312
58300
58299
58275
58254
58237
58200
58152
58149
58136
58134
58053
58048
58047
58020
57980
57913
57903
57899
57850
57848
57843
57841
57825
57773
57756
57750
57717
57659
57614
57578
57567
57564
57562
57560
57528
57451
57442
57416
57407
57391
57373
57364
57358
57334
57333
57322
57317
57243
57231
57208
57208
57203
57199
57171
57168
57120
57087
57087
57080
57080
57072
56974
56966
56962
56901
56889
56869
56863
56856
56830
56814
56796
56773
56770
56725
56684
56670
56642
56598
56590
56573
56530
56515
56512
56509
56483
56449
56414
56407
56404
56397
56385
56355
56329
56328
56316
56312
56292
56245
56221
56212
56210
56189
56134
56104
56074
56041
56030
56024
56002
55992
55990
55961
55926
55919
55894
55846
55843
55833
55820
55697
55693
55685
55669
55664
55661
55502
55488
55452
55436
55421
55383
55361
55350
55348
55337
55321
55307
55302
55300
55297
55291
55257
55242
55190
55184
55114
55106
55065
55060
55039
55034
55002
54991
54954
54951
54950
54941
54906
54898
54898
54891
54879
54875
54869
54849
54846
54841
54807
54770
54747
54699
54657
54649
54625
54609
54601
54595
54561
54543
54457
54436
54430
54398
54379
54332
54332
54287
54255
54224
54212
54199
54191
54124
54094
54070
54026
54018
54017
53987
53930
53908
53903
53883
53882
53880
53816
53808
53770
53748
53748
53692
53670
53662
53624
53611
53609
53573
53572
53560
53540
53538
53536
53522
53500
53493
53491
53491
53468
53402
53377
53344
53337
53322
53318
53307
53302
53301
53281
53278
53261
53229
53217
53217
53184
53174
53172
53133
53062
53043
53036
53035
53030
53019
52999
52994
52968
52953
52902
52877
52797
52740
52732
52725
52721
52692
52682
52657
52649
52635
52626
52567
52564
52561
52554
52506
52491
52465
52457
52451
52446
52410
52409
52355
52348
52335
52296
52283
52270
52261
52258
52245
52236
52232
52181
52172
52146
52141
52127
52098
52075
52070
52057
52009
52007
51988
51978
51977
51964
51952
51939
51910
51910
51894
51886
51880
51877
51856
51839
51823
51814
51812
51799
51791
51750
51749
51736
51719
51705
51697
51690
51669
51650
51606
51582
51569
51560
51546
51525
51514
51506
51486
51479
51425
51418
51411
51409
51372
51363
51347
51345
51332
51316
51287
51283
51281
51271
51262
51253
51225
51195
51182
51159
51145
51126
51071
51050
51047
51043
50989
50977
50906
50901
50834
50765
50747
50744
50741
50720
50695
50653
50634
50618
50617
50613
50600
50562
50561
50526
50519
50509
50508
50468
50416
50401
50383
50353
50348
50338
50304
50251
50249
50225
50223
50222
50209
50183
50162
50122
50108
50094
50089
50088
50042
50017
50002
49988
49938
49918
49918
49915
49905
49893
49890
49867
49857
49843
49820
49760
49758
49750
49740
49710
49686
49676
49666
49664
49656
49655
49654
49636
49610
49601
49582
49544
49544
49541
49539
49524
49502
49502
49496
49424
49420
49400
49400
49395
49340
49310
49309
49263
49260
49253
49231
49192
49181
49179
49175
49156
49154
49109
49061
49060
48989
48973
48962
48936
48925
48911
48908
48904
48880
48784
48776
48762
48751
48748
48744
48724
48702
48688
48684
48677
48663
48616
48581
48578
48558
48540
48535
48527
48509
48500
48490
48488
48433
48363
48359
48322
48321
48315
48312
48289
48258
48214
48185
48176
48156
48155
48148
48139
48117
48112
48073
48073
48050
48037
48016
48003
47994
47987
47974
47974
47970
47967
47965
47962
47949
47923
47913
47890
47867
47848
47841
47831
47826
47803
47800
47781
47771
47760
47746
47713
47690
47655
47642
47634
47622
47616
47591
47574
47559
47547
47536
47491
47488
47460
47395
47365
47353
47344
47340
47337
47329
47269
47249
47242
47218
47213
47210
47199
47166
47158
47155
47132
47113
47098
47075
47052
47051
47047
47033
47027
47025
47018
47010
46991
46948
46930
46909
46906
46881
46878
46867
46833
46821
46747
46744
46741
46734
46722
46703
46701
46700
46682
46680
46662
46642
46630
46616
46578
46571
46557
46551
46498
46427
46414
46404
46371
46308
46303
46252
46229
46223
46199
46195
46172
46166
46162
46161
46158
46148
46142
46122
46108
46089
46088
46053
45988
45983
45974
45946
45945
45930
45916
45909
45907
45875
45871
45850
45840
45825
45819
45808
45791
45791
45774
45767
45757
45747
45708
45700
45698
45669
45668
45656
45630
45610
45609
45585
45571
45533
45466
45465
45455
45445
45430
45419
45417
45411
45394
45391
45384
45383
45357
45336
45335
45315
45282
45274
45247
45233
45222
45163
45101
45094
45087
45070
45060
45049
45036
45035
45025
45019
45018
45006
44981
44961
44953
44938
44920
44912
44905
44898
44897
44887
44884
44876
44843
44807
44806
44795
44781
44762
44758
44733
44723
44711
44706
44704
44694
44693
44689
44675
44675
44667
44665
44647
44621
44621
44602
44586
44563
44545
44526
44519
44501
44472
44460
44458
44422
44421
44394
44391
44387
44382
44377
44360
44353
44323
44319
44307
44306
44293
44269
44267
44260
44243
44235
44223
44161
44155
44136
44131
44111
44111
44101
44083
44080
44065
44065
44053
44031
43996
43988
43984
43976
43970
43941
43932
43929
43915
43910
43908
43887
43882
43872
43843
43841
43819
43791
43782
43782
43777
43773
43767
43737
43708
43706
43706
43706
43704
43699
43698
43697
43697
43696
43696
43695
43694
43691
43690
43667
43656
43641
43632
43630
43596
43563
43504
43463
43463
43453
43443
43437
43423
43412
43408
43403
43379
43374
43365
43356
43356
43355
43355
43350
43345
43340
43326
43311
43296
43291
43264
43258
43238
43236
43222
43214
43204
43196
43193
43181
43178
43170
43165
43149
43144
43121
43113
43104
43098
43097
43087
43075
43074
43073
43073
43072
43072
43072
43072
43071
43067
43065
43062
43060
43054
43047
43045
43022
43010
42998
42991
42979
42972
42926
42920
42913
42907
42878
42867
42848
42847
42839
42834
42831
42826
42822
42819
42818
42818
42817
42816
42814
42813
42813
42811
42808
42806
42803
42803
42800
42798
42793
42780
42776
42761
42744
42732
42709
42708
42706
42701
42683
42675
42674
42656
42649
42641
42640
42628
42625
42623
42617
42614
42613
42580
42574
42554
42540
42538
42533
42532
42523
42523
42522
42519
42519
42506
42502
42499
42474
42465
42442
42426
42424
42420
42416
42405
42405
42403
42398
42391
42381
42365
42342
42336
42298
42298
42288
42281
42257
42240
42234
42220
42212
42209
42187
42184
42182
42156
42112
42102
42080
42063
42051
42046
42034
42017
41998
41992
41976
41964
41955
41951
41933
41928
41922
41909
41888
41873
41858
41855
41848
41798
41796
41791
41746
41733
41719
41707
41694
41653
41650
41648
41633
41630
41613
41603
41585
41567
41566
41533
41501
41488
41484
41475
41450
41448
41433
41424
41401
41362
41346
41339
41325
41287
41279
41278
41270
41252
41243
41237
41232
41225
41220
41182
41134
41131
41096
41067
41047
40990
40988
40983
40944
40940
40912
40908
40904
40896
40892
40888
40878
40872
40872
40862
40845
40832
40819
40818
40780
40778
40769
40739
40722
40714
40701
40700
40656
40655
40647
40616
40609
40604
40600
40592
40572
40547
40538
40530
40515
40509
40440
40432
40409
40366
40364
40320
40304
40274
40231
40226
40210
40188
40164
40141
40130
40115
40067
40060
40051
40051
40038
40038
40029
40015
40012
40011
40002
40002
39987
39980
39980
39965
39932
39930
39869
39868
39861
39860
39816
39815
39805
39785
39782
39762
39751
39742
39733
39708
39699
39684
39670
39666
39662
39655
39644
39617
39614
39608
39601
39600
39598
39583
39576
39572
39563
39557
39543
39542
39540
39526
39515
39504
39496
39474
39458
39453
39452
39445
39420
39391
39382
39374
39366
39356
39355
39352
39351
39337
39333
39305
39280
39279
39273
39254
39229
39178
39155
39138
39132
39132
39125
39118
39097
39090
39087
39053
39017
39011
38988
38977
38975
38957
38918
38915
38899
38896
38886
38879
38846
38818
38815
38815
38806
38798
38778
38748
38708
38696
38677
38658
38646
38641
38636
38633
38601
38600
38587
38579
38561
38542
38527
38505
38502
38502
38490
38484
38424
38414
38395
38373
38361
38356
38351
38329
38318
38293
38274
38265
38258
38236
38229
38223
38213
38209
38197
38183
38183
38178
38168
38161
38144
38132
38129
38115
38113
38099
38094
38085
38084
38080
38077
38071
38070
38058
38022
38015
38005
38000
37998
37992
37965
37956
37956
37942
37935
37932
37914
37913
37909
37905
37900
37864
37860
37823
37819
37812
37807
37756
37755
37724
37722
37718
37717
37709
37701
37692
37690
37686
37681
37673
37660
37659
37649
37622
37622
37613
37578
37568
37565
37565
37565
37560
37552
37551
37542
37534
37524
37522
37488
37480
37452
37446
37416
37409
37402
37402
37384
37374
37328
37323
37289
37206
37160
37157
37156
37152
37152
37148
37143
37142
37111
37108
37094
37083
37080
37080
37069
37048
37043
37036
36996
36966
36920
36912
36903
36884
36881
36871
36864
36841
36826
36826
36820
36813
36811
36785
36776
36745
36740
36713
36666
36665
36650
36629
36605
36602
36572
36568
36550
36548
36537
36535
36521
36520
36518
36516
36493
36484
36472
36462
36460
36443
36441
36420
36402
36396
36396
36382
36381
36354
36342
36333
36331
36319
36301
36270
36260
36259
36240
36215
36212
36197
36194
36183
36183
36177
36164
36154
36133
36133
36126
36121
36115
36114
36095
36074
36073
36056
36049
36028
36017
36016
35998
35989
35983
35973
35970
35965
35963
35961
35960
35957
35955
35955
35952
35950
35950
35949
35949
35925
35925
35919
35918
35913
35885
35865
35860
35857
35849
35848
35843
35825
35808
35803
35800
35800
35799
35790
35778
35770
35743
35735
35720
35715
35706
35689
35676
35673
35669
35665
35664
35655
35637
35637
35633
35612
35610
35607
35575
35523
35522
35514
35501
35485
35483
35479
35473
35440
35435
35435
35429
35398
35388
35384
35383
35381
35381
35380
35370
35356
35349
35344
35328
35327
35325
35299
35280
35279
35260
35258
35252
35246
35243
35236
35217
35189
35175
35155
35150
35135
35126
35123
35122
35118
35101
35100
35096
35083
35078
35071
35049
35041
35035
35021
35002
34995
34954
34942
34942
34941
34926
34918
34904
34880
34866
34862
34851
34844
34830
34816
34815
34790
34789
34781
34772
34767
34766
34765
34761
34753
34753
34729
34728
34722
34720
34705
34703
34695
34689
34688
34668
34656
34653
34652
34646
34641
34615
34611
34595
34588
34585
34571
34555
34517
34496
34487
34479
34462
34457
34454
34448
34437
34436
34431
34430
34405
34378
34363
34359
34353
34335
34326
34323
34319
34319
34295
34290
34285
34284
34271
34261
34259
34255
34248
34230
34225
34215
34214
34203
34199
34182
34164
34160
34138
34105
34098
34059
34059
34058
34042
34028
34025
34025
34023
34002
34002
33970
33949
33946
33944
33942
33926
33920
33913
33911
33903
33895
33871
33864
33861
33853
33853
33806
33784
33775
33771
33751
33746
33736
33723
33723
33720
33715
33704
33690
33689
33683
33676
33671
33669
33666
33659
33658
33646
33635
33632
33616
33611
33596
33578
33561
33515
33509
33506
33497
33493
33472
33452
33449
33435
33433
33429
33403
33401
33397
33357
33352
33352
33335
33330
33277
33273
33271
33270
33269
33256
33238
33224
33223
33216
33215
33207
33177
33168
33146
33145
33144
33131
33121
33120
33112
33110
33105
33105
33092
33090
33080
33075
33065
33058
33049
33042
33007
33000
32995
32995
32989
32980
32979
32975
32966
32940
32929
32926
32910
32898
32892
32886
32876
32835
32793
32790
32789
32770
32766
32756
32751
32748
32745
32730
32711
32701
32693
32679
32678
32659
32658
32639
32632
32630
32612
32595
32595
32577
32576
32569
32569
32529
32516
32503
32492
32473
32468
32453
32450
32447
32438
32397
32374
32358
32352
32346
32339
32333
32330
32308
32301
32300
32298
32287
32277
32271
32263
32261
32260
32254
32242
32240
32239
32223
32217
32212
32201
32192
32184
32184
32172
32171
32166
32154
32151
32148
32135
32130
32092
32087
32085
32082
32073
32069
32068
32051
32039
32009
32009
31993
31991
31971
31956
31953
31944
31939
31935
31929
31907
31902
31896
31872
31850
31844
31839
31834
31827
31823
31813
31803
31793
31759
31759
31754
31753
31751
31745
31738
31714
31713
31700
31696
31686
31672
31667
31662
31654
31646
31640
31628
31625
31619
31597
31585
31579
31576
31567
31557
31544
31544
31534
31515
31511
31507
31503
31502
31498
31496
31488
31482
31480
31468
31461
31452
31438
31431
31430
31430
31425
31425
31413
31394
31391
31387
31381
31372
31369
31360
31345
31343
31336
31332
31331
31330
31329
31327
31319
31308
31303
31289
31282
31280
31267
31267
31264
31250
31243
31228
31223
31221
31220
31218
31214
31214
31196
31196
31194
31194
31192
31184
31181
31172
31144
31141
31139
31136
31133
31130
31127
31121
31108
31104
31100
31096
31095
31092
31090
31084
31084
31081
31071
31070
31068
31057
31052
31048
31046
31046
31043
31035
31035
31033
31028
31027
31027
31026
31025
31024
31023
31021
31017
31017
31014
31013
31012
31011
31011
31011
31009
31009
31009
31006
31006
31006
31006
31006
31006
31005
31005
31004
31004
31002
31002
31002
31002
31001
31001
31001
31000
31000
31000
31000
31000
30999
30999
30999
30998
30998
30998
30998
30998
30998
30998
30998
30998
30997
30997
30997
30997
30997
30997
30997
30997
30997
30997
30997
30996
30996
30996
30996
30996
30995
30995
30995
30995
30995
30995
30995
30995
30994
30994
30994
30994
30994
30994
30994
30994
30993
30993
30993
30993
30993
30992
30992
30992
30992
30991
30991
30991
30991
30990
30990
30990
30990
30989
30989
30989
30989
30988
30988
30988
30988
30988
30988
30988
30987
30987
30987
30986
30986
30986
30986
30986
30986
30986
30986
30986
30986
30985
30985
30985
30985
30985
30985
30985
30984
30984
30984
30984
30984
30984
30984
30984
30984
30983
30983
30983
30982
30982
30982
30982
30981
30981
30981
30981
30981
30981
30980
30966
30947
30945
30943
30941
30941
30940
30914
30910
30901
30892
30892
30882
30876
30867
30866
30861
30859
30854
30851
30851
30836
30826
30805
30803
30778
30770
30770
30768
30728
30726
30726
30719
30709
30703
30692
30686
30674
30664
30664
30663
30650
30643
30611
30609
30596
30593
30576
30574
30574
30573
30571
30563
30555
30549
30549
30547
30545
30522
30521
30509
30509
30476
30446
30421
30419
30417
30405
30397
30386
30370
30365
30363
30359
30352
30342
30333
30331
30329
30327
30312
30310
30308
30306
30304
30298
30296
30275
30273
30270
30249
30239
30232
30225
30216
30192
30190
30190
30188
30184
30178
30175
30151
30149
30143
30139
30118
30114
30108
30083
30079
30058
30041
30040
30039
30037
30020
30018
30017
30002
29999
29996
29988
29986
29977
29967
29965
29965
29938
29935
29921
29917
29895
29891
29873
29868
29865
29854
29831
29831
29826
29824
29823
29818
29817
29812
29809
29808
29798
29795
29790
29771
29751
29735
29720
29707
29700
29692
29686
29678
29678
29677
29676
29666
29650
29649
29644
29632
29629
29620
29588
29576
29560
29553
29543
29534
29523
29516
29497
29492
29489
29479
29455
29448
29439
29433
29429
29411
29399
29394
29391
29378
29363
29360
29348
29341
29337
29337
29322
29300
29284
29281
29266
29260
29257
29254
29252
29247
29243
29240
29239
29220
29212
29185
29172
29171
29168
29166
29163
29162
29155
29147
29144
29136
29136
29118
29098
29074
29070
29065
29061
29059
29052
29044
29042
29029
29010
29000
28995
28989
28978
28978
28947
28943
28938
28937
28911
28894
28886
28884
28879
28877
28874
28871
28870
28868
28866
28863
28863
28862
28841
28829
28825
28817
28814
28813
28808
28807
28801
28799
28793
28774
28772
28757
28755
28737
28736
28730
28727
28720
28714
28711
28709
28694
28688
28683
28675
28667
28666
28662
28654
28649
28648
28639
28636
28635
28626
28607
28601
28595
28591
28591
28588
28578
28577
28570
28562
28557
28553
28536
28530
28524
28522
28519
28516
28515
28514
28483
28475
28474
28473
28472
28472
28471
28461
28459
28443
28443
28443
28435
28434
28430
28425
28425
28420
28419
28416
28412
28398
28391
28388
28374
28371
28352
28350
28346
28340
28335
28334
28332
28318
28307
28303
28285
28271
28270
28269
28242
28233
28232
28195
28194
28191
28182
28175
28171
28171
28171
28167
28166
28145
28135
28125
28106
28105
28105
28092
28090
28086
28078
28073
28069
28054
28054
28051
28048
28046
28045
28039
28033
28023
28019
27996
27985
27968
27963
27962
27955
27950
27950
27927
27926
27914
27904
27893
27892
27880
27875
27870
27859
27850
27847
27844
27819
27803
27802
27800
27799
27798
27785
27777
27766
27765
27765
27763
27758
27750
27738
27730
27730
27726
27720
27704
27702
27701
27693
27691
27664
27650
27648
27640
27629
27619
27619
27615
27613
27612
27610
27610
27595
27584
27576
27572
27571
27562
27558
27557
27554
27534
27523
27511
27486
27473
27473
27462
27435
27434
27410
27403
27394
27388
27373
27373
27369
27368
27368
27367
27365
27364
27358
27344
27342
27336
27329
27326
27303
27294
27271
27260
27256
27255
27242
27241
27237
27237
27234
27229
27229
27223
27210
27198
27190
27189
27177
27172
27171
27163
27158
27147
27142
27140
27140
27139
27132
27127
27123
27121
27121
27120
27119
27110
27106
27106
27088
27083
27081
27079
27076
27075
27075
27074
27070
27069
27064
27063
27048
27047
27042
27041
27036
27035
27019
27019
27015
26999
26998
26994
26984
26981
26978
26968
26965
26958
26951
26949
26943
26933
26926
26887
26882
26871
26859
26826
26804
26788
26786
26776
26770
26769
26765
26762
26760
26751
26751
26746
26720
26712
26708
26708
26707
26702
26701
26695
26692
26685
26680
26672
26668
26659
26655
26655
26654
26635
26631
26630
26621
26600
26573
26572
26565
26565
26558
26558
26558
26549
26542
26541
26536
26533
26519
26509
26507
26491
26478
26468
26465
26453
26448
26433
26418
26415
26397
26386
26385
26379
26375
26361
26352
26348
26345
26336
26305
26295
26286
26280
26279
26275
26270
26267
26263
26254
26243
26242
26222
26219
26219
26217
26212
26210
26204
26203
26200
26194
26193
26185
26171
26143
26136
26134
26133
26126
26105
26097
26096
26084
26079
26071
26068
26057
26055
26052
26051
26046
26045
26042
26037
26029
26022
26009
26007
26005
26003
26000
25991
25988
25968
25966
25960
25944
25943
25910
25909
25894
25892
25883
25872
25866
25865
25863
25858
25858
25856
25855
25852
25822
25811
25798
25785
25782
25771
25765
25745
25745
25742
25740
25737
25727
25727
25726
25726
25715
25711
25705
25702
25693
25692
25665
25654
25640
25631
25626
25624
25603
25589
25571
25571
25562
25562
25560
25557
25543
25533
25531
25529
25492
25488
25479
25477
25469
25455
25450
25446
25441
25434
25431
25430
25426
25424
25423
25420
25420
25420
25418
25417
25417
25416
25416
25396
25390
25374
25372
25369
25368
25366
25366
25359
25351
25350
25344
25330
25330
25318
25318
25308
25295
25291
25279
25279
25277
25269
25263
25251
25248
25244
25239
25229
25215
25211
25209
25209
25202
25195
25188
25188
25181
25173
25170
25169
25155
25151
25150
25149
25147
25115
25106
25101
25098
25093
25092
25085
25085
25074
25074
25068
25059
25058
25050
25049
25048
25042
25039
25033
25021
25017
25011
25003
25003
25001
24995
24990
24989
24988
24983
24981
24972
24971
24958
24956
24954
24953
24950
24946
24939
24930
24928
24923
24920
24919
24909
24903
24900
24888
24881
24868
24855
24853
24853
24852
24844
24843
24838
24835
24833
24810
24806
24802
24799
24798
24795
24790
24782
24779
24752
24746
24745
24739
24739
24736
24736
24736
24736
24706
24706
24703
24693
24693
24692
24690
24690
24687
24680
24678
24675
24671
24669
24667
24664
24655
24655
24650
24645
24643
24640
24638
24628
24626
24622
24621
24621
24617
24616
24600
24581
24578
24572
24569
24550
24548
24545
24534
24529
24529
24527
24526
24521
24516
24512
24502
24491
24490
24490
24490
24476
24475
24471
24460
24458
24454
24451
24439
24435
24428
24419
24413
24411
24406
24388
24387
24385
24377
24370
24361
24360
24359
24353
24345
24342
24341
24333
24318
24302
24293
24286
24286
24283
24282
24269
24269
24265
24245
24244
24232
24231
24229
24220
24206
24201
24200
24194
24190
24185
24185
24181
24168
24158
24149
24147
24143
24141
24141
24140
24131
24125
24118
24114
24111
24103
24094
24092
24084
24070
24069
24062
24059
24056
24041
24041
24039
24031
24015
24003
24001
23999
23997
23997
23978
23962
23957
23939
23938
23937
23931
23927
23927
23922
23921
23912
23902
23890
23873
23870
23862
23859
23840
23840
23837
23827
23822
23820
23819
23808
23803
23796
23792
23787
23786
23783
23774
23770
23761
23749
23747
23724
23719
23710
23709
23688
23673
23662
23659
23651
23648
23647
23636
23625
23624
23624
23587
23580
23579
23571
23561
23553
23553
23548
23543
23542
23533
23528
23521
23519
23511
23499
23498
23485
23484
23483
23475
23471
23468
23467
23466
23466
23463
23457
23457
23446
23444
23437
23430
23424
23414
23408
23406
23400
23398
23387
23380
23352
23327
23324
23321
23312
23310
23303
23302
23293
23292
23288
23284
23282
23277
23264
23263
23261
23258
23257
23257
23256
23252
23246
23246
23245
23244
23243
23242
23242
23241
23240
23240
23239
23239
23238
23238
23238
23237
23237
23237
23233
23229
23218
23217
23216
23208
23207
23199
23182
23177
23175
23174
23174
23171
23167
23166
23163
23159
23154
23153
23148
23135
23133
23129
23116
23110
23108
23098
23096
23090
23088
23078
23063
23057
23051
23040
23034
23033
23022
23017
23008
22997
22991
22985
22969
22963
22963
22963
22959
22957
22956
22948
22940
22938
22938
22923
22920
22911
22903
22899
22898
22889
22872
22870
22869
22868
22866
22866
22862
22854
22852
22847
22841
22841
22835
22825
22823
22821
22816
22815
22810
22808
22805
22804
22804
22804
22790
22787
22784
22778
22777
22769
22763
22759
22746
22743
22735
22731
22717
22707
22707
22703
22702
22695
22695
22684
22678
22672
22672
22661
22658
22637
22635
22632
22625
22624
22623
22618
22617
22608
22603
22602
22591
22588
22587
22585
22571
22560
22555
22551
22548
22544
22543
22542
22541
22536
22530
22530
22529
22525
22515
22503
22493
22490
22481
22472
22449
22447
22440
22435
22433
22423
22419
22412
22412
22410
22409
22405
22397
22394
22378
22371
22370
22361
22358
22358
22352
22352
22347
22345
22342
22335
22330
22323
22321
22319
22319
22310
22308
22297
22296
22296
22292
22285
22282
22281
22280
22267
22266
22264
22258
22257
22257
22256
22252
22251
22249
22245
22244
22238
22236
22226
22221
22219
22211
22209
22195
22188
22181
22179
22178
22174
22167
22164
22162
22156
22151
22138
22135
22131
22129
22125
22116
22106
22099
22095
22088
22068
22056
22050
22045
22042
22036
22036
22033
22033
22032
22031
22029
22028
22025
22020
22008
22005
21989
21988
21980
21965
21961
21951
21949
21937
21933
21931
21929
21928
21920
21916
21908
21901
21899
21898
21893
21891
21873
21860
21859
21849
21849
21846
21845
21842
21824
21812
21811
21810
21808
21794
21783
21783
21778
21762
21759
21755
21752
21752
21750
21746
21746
21733
21729
21727
21727
21726
21717
21705
21691
21687
21686
21683
21683
21682
21681
21677
21676
21673
21672
21669
21665
21662
21662
21660
21658
21655
21652
21649
21648
21644
21642
21642
21639
21637
21636
21629
21617
21615
21608
21603
21601
21601
21595
21594
21593
21580
21577
21574
21570
21570
21570
21567
21560
21560
21559
21558
21556
21553
21550
21549
21547
21545
21544
21544
21543
21543
21543
21541
21541
21540
21540
21540
21540
21540
21539
21539
21539
21539
21539
21538
21538
21538
21538
21538
21538
21537
21537
21537
21537
21537
21537
21537
21537
21536
21536
21536
21536
21536
21536
21536
21536
21536
21536
21536
21536
21536
21536
21536
21536
21536
21536
21536
21536
21536
21536
21536
21536
21536
21535
21535
21534
21534
21534
21534
21534
21534
21534
21534
21534
21534
21534
21534
21534
21533
21524
21523
21520
21519
21515
21513
21513
21513
21505
21505
21504
21502
21490
21473
21471
21469
21468
21460
21451
21450
21448
21442
21439
21434
21417
21413
21413
21406
21406
21398
21389
21386
21386
21382
21381
21379
21369
21369
21363
21363
21363
21359
21359
21347
21345
21344
21343
21339
21330
21329
21328
21322
21321
21319
21319
21317
21314
21300
21289
21288
21287
21286
21286
21281
21281
21275
21273
21272
21271
21270
21263
21261
21253
21240
21240
21238
21237
21237
21234
21233
21233
21231
21227
21224
21219
21210
21209
21209
21206
21188
21185
21184
21180
21178
21166
21161
21152
21149
21145
21128
21127
21120
21114
21107
21104
21083
21083
21081
21076
21065
21050
21049
21039
21038
21022
21018
21017
21016
21000
20987
20987
20984
20977
20977
20970
20968
20955
20952
20951
20942
20939
20939
20933
20928
20924
20916
20916
20915
20909
20900
20898
20888
20883
20882
20879
20879
20878
20870
20868
20866
20865
20861
20857
20847
20847
20827
20827
20814
20806
20805
20793
20787
20782
20765
20746
20742
20741
20740
20734
20733
20731
20727
20727
20726
20723
20716
20706
20701
20690
20690
20686
20685
20671
20655
20637
20634
20629
20622
20621
20616
20609
20608
20607
20604
20602
20600
20595
20590
20589
20588
20584
20579
20570
20554
20553
20552
20546
20545
20534
20533
20532
20526
20521
20520
20516
20512
20511
20509
20504
20500
20496
20495
20494
20493
20486
20485
20478
20471
20469
20460
20459
20450
20448
20431
20430
20419
20418
20410
20404
20387
20386
20384
20377
20374
20370
20363
20356
20346
20345
20344
20327
20320
20316
20315
20308
20305
20303
20302
20301
20299
20298
20295
20293
20291
20284
20281
20280
20276
20271
20268
20267
20265
20264
20258
20257
20255
20253
20232
20229
20229
20226
20218
20208
20208
20198
20188
20183
20180
20180
20167
20157
20148
20141
20141
20128
20126
20125
20115
20105
20093
20085
20081
20081
20080
20077
20076
20068
20063
20063
20060
20051
20041
20040
20028
20026
20024
20024
20021
20018
20015
20014
20004
20002
19992
19984
19976
19975
19973
19973
19972
19968
19967
19962
19962
19943
19939
19938
19929
19928
19924
19923
19922
19920
19919
19918
19916
19902
19892
19886
19886
19885
19876
19869
19864
19860
19858
19855
19852
19850
19846
19835
19829
19829
19829
19828
19827
19823
19817
19811
19799
19798
19796
19795
19793
19785
19784
19776
19774
19773
19766
19755
19752
19746
19738
19737
19736
19730
19729
19728
19706
19704
19698
19689
19680
19679
19678
19675
19660
19657
19652
19645
19643
19637
19637
19625
19623
19619
19616
19615
19608
19607
19606
19605
19602
19589
19582
19579
19577
19575
19571
19568
19567
19562
19553
19547
19546
19545
19542
19541
19540
19539
19531
19529
19525
19523
19512
19509
19506
19504
19496
19493
19492
19490
19482
19469
19466
19465
19462
19462
19458
19456
19455
19454
19450
19445
19440
19435
19433
19425
19424
19417
19414
19413
19413
19410
19410
19409
19409
19409
19401
19396
19394
19393
19389
19379
19377
19377
19376
19364
19358
19351
19335
19332
19332
19330
19320
19310
19300
19299
19296
19294
19291
19275
19263
19261
19261
19258
19255
19254
19251
19249
19246
19241
19240
19238
19234
19234
19216
19215
19211
19209
19209
19206
19199
19198
19193
19190
19189
19187
19183
19179
19174
19174
19171
19156
19153
19144
19143
19134
19134
19133
19129
19125
19118
19117
19109
19107
19100
19100
19090
19080
19077
19075
19068
19056
19046
19044
19038
19032
19029
19016
19011
19006
19004
19004
19002
19001
19000
18999
18987
18986
18982
18981
18971
18968
18966
18961
18960
18953
18947
18938
18928
18924
18913
18907
18903
18895
18895
18894
18892
18892
18887
18883
18879
18874
18862
18861
18861
18860
18858
18849
18848
18847
18843
18841
18838
18834
18813
18811
18811
18809
18800
18796
18793
18788
18785
18784
18780
18772
18751
18749
18749
18744
18740
18736
18731
18728
18725
18718
18716
18714
18713
18710
18703
18702
18701
18696
18689
18687
18685
18678
18677
18674
18672
18661
18655
18654
18654
18653
18650
18646
18644
18639
18635
18633
18629
18625
18621
18619
18614
18612
18607
18604
18590
18583
18576
18572
18570
18570
18562
18561
18560
18553
18550
18538
18533
18530
18527
18526
18526
18522
18522
18508
18508
18507
18505
18504
18504
18497
18496
18494
18491
18485
18485
18481
18473
18472
18472
18472
18472
18468
18465
18463
18462
18461
18458
18454
18452
18452
18448
18447
18447
18431
18426
18426
18417
18413
18411
18410
18409
18406
18401
18394
18394
18388
18383
18383
18376
18376
18374
18361
18360
18359
18353
18350
18349
18346
18328
18317
18316
18316
18314
18314
18313
18309
18309
18308
18304
18301
18296
18294
18294
18293
18291
18288
18285
18283
18276
18273
18271
18269
18268
18267
18267
18260
18253
18253
18250
18249
18248
18247
18241
18240
18240
18229
18227
18224
18219
18217
18217
18215
18208
18204
18203
18198
18197
18194
18183
18182
18180
18178
18177
18172
18160
18155
18155
18138
18137
18134
18117
18112
18112
18110
18105
18103
18100
18094
18092
18079
18077
18077
18070
18069
18068
18068
18066
18065
18064
18063
18061
18061
18059
18058
18055
18052
18050
18047
18045
18044
18036
18019
18010
17997
17993
17988
17985
17983
17973
17971
17964
17956
17956
17954
17954
17951
17944
17936
17934
17929
17924
17918
17909
17905
17897
17893
17893
17891
17891
17889
17888
17885
17885
17871
17865
17864
17863
17859
17857
17856
17856
17855
17854
17849
17847
17844
17843
17832
17831
17828
17819
17816
17812
17811
17805
17804
17801
17800
17793
17793
17790
17784
17776
17775
17772
17770
17764
17763
17758
17757
17752
17749
17749
17747
17742
17740
17739
17737
17734
17732
17728
17727
17708
17702
17702
17701
17698
17681
17674
17672
17667
17664
17664
17663
17654
17647
17643
17643
17637
17635
17635
17635
17631
17628
17621
17620
17617
17615
17613
17605
17597
17596
17591
17589
17581
17580
17575
17571
17571
17569
17562
17558
17550
17550
17545
17543
17538
17531
17529
17528
17523
17516
17514
17513
17513
17511
17509
17508
17505
17501
17501
17500
17493
17490
17488
17488
17485
17485
17472
17471
17468
17464
17462
17462
17461
17455
17453
17453
17452
17450
17445
17429
17428
17427
17427
17425
17424
17413
17406
17398
17398
17396
17395
17394
17390
17390
17390
17389
17385
17383
17381
17381
17374
17373
17372
17365
17355
17350
17345
17343
17338
17336
17333
17332
17326
17314
17314
17314
17312
17312
17305
17303
17303
17302
17294
17292
17290
17290
17284
17283
17279
17274
17270
17258
17256
17252
17249
17248
17245
17245
17242
17238
17236
17235
17234
17229
17227
17226
17226
17223
17219
17214
17214
17209
17206
17201
17189
17188
17187
17182
17173
17166
17163
17161
17161
17160
17160
17155
17154
17154
17151
17150
17147
17146
17146
17145
17141
17138
17135
17134
17128
17127
17120
17117
17110
17108
17105
17098
17098
17093
17087
17085
17074
17069
17067
17060
17058
17053
17052
17051
17049
17046
17044
17043
17038
17035
17035
17034
17033
17022
17018
17012
17011
17008
17008
16996
16993
16992
16987
16986
16986
16986
16986
16986
16980
16971
16968
16968
16966
16962
16959
16957
16954
16953
16947
16944
16942
16938
16926
16924
16921
16920
16917
16916
16913
16912
16911
16910
16906
16905
16904
16903
16903
16901
16897
16897
16897
16894
16890
16889
16885
16881
16877
16869
16864
16855
16852
16849
16841
16833
16832
16827
16818
16817
16816
16816
16812
16811
16810
16809
16809
16798
16797
16782
16776
16775
16772
16771
16768
16763
16760
16750
16747
16746
16742
16742
16741
16739
16737
16730
16727
16725
16724
16722
16719
16718
16718
16715
16712
16710
16709
16706
16703
16699
16695
16690
16686
16683
16674
16672
16662
16662
16662
16660
16648
16642
16636
16635
16630
16629
16628
16626
16622
16619
16616
16612
16612
16610
16607
16604
16603
16588
16582
16579
16575
16574
16571
16569
16568
16566
16564
16562
16559
16559
16558
16555
16555
16554
16550
16541
16541
16539
16535
16534
16532
16529
16528
16525
16524
16522
16520
16517
16516
16504
16503
16495
16495
16494
16491
16486
16483
16476
16472
16463
16456
16455
16453
16447
16446
16442
16442
16441
16440
16439
16439
16439
16435
16434
16431
16430
16426
16424
16424
16423
16404
16402
16401
16399
16394
16392
16391
16388
16380
16369
16369
16369
16369
16365
16365
16365
16353
16348
16345
16341
16340
16336
16335
16332
16331
16329
16327
16318
16317
16314
16311
16305
16302
16301
16298
16298
16295
16294
16289
16288
16286
16286
16286
16285
16284
16282
16282
16275
16275
16273
16272
16271
16270
16265
16259
16258
16258
16258
16257
16252
16247
16246
16243
16241
16241
16240
16239
16239
16237
16232
16230
16230
16230
16228
16227
16216
16209
16206
16202
16200
16193
16187
16180
16177
16175
16168
16162
16161
16158
16157
16155
16152
16149
16144
16141
16136
16132
16128
16127
16125
16124
16122
16119
16118
16118
16113
16104
16097
16092
16092
16090
16088
16082
16077
16076
16075
16072
16068
16063
16061
16056
16054
16054
16052
16050
16047
16043
16042
16038
16037
16034
16031
16030
16030
16028
16023
16021
16020
16019
16018
16013
16012
16010
16008
16003
16003
16001
15998
15997
15986
15986
15981
15981
15979
15975
15974
15974
15974
15974
15973
15962
15960
15959
15957
15954
15950
15947
15939
15938
15938
15938
15937
15931
15929
15925
15913
15911
15903
15900
15897
15895
15895
15894
15892
15884
15876
15874
15871
15870
15868
15863
15862
15859
15851
15846
15838
15833
15831
15831
15827
15827
15825
15824
15823
15816
15815
15813
15810
15807
15801
15797
15794
15787
15783
15777
15769
15768
15768
15765
15765
15762
15760
15759
15757
15755
15755
15754
15753
15752
15751
15751
15749
15749
15748
15746
15745
15743
15742
15741
15736
15734
15734
15733
15730
15728
15722
15721
15719
15714
15713
15710
15710
15704
15704
15699
15698
15697
15694
15692
15691
15689
15688
15688
15685
15683
15679
15674
15669
15666
15664
15661
15661
15652
15651
15650
15649
15647
15645
15644
15640
15639
15638
15632
15630
15630
15628
15627
15625
15621
15621
15621
15616
15615
15612
15611
15607
15606
15605
15603
15601
15592
15586
15584
15583
15580
15577
15574
15570
15569
15564
15561
15561
15556
15555
15545
15541
15539
15536
15529
15529
15527
15527
15525
15525
15525
15521
15518
15516
15514
15513
15513
15508
15502
15501
15500
15500
15500
15498
15498
15495
15490
15489
15484
15481
15481
15476
15474
15470
15470
15468
15466
15466
15464
15452
15449
15448
15447
15446
15444
15440
15437
15435
15431
15427
15417
15416
15416
15408
15404
15403
15402
15401
15398
15395
15390
15385
15377
15377
15375
15375
15374
15374
15370
15370
15369
15369
15367
15361
15358
15351
15346
15344
15343
15333
15333
15332
15332
15328
15327
15322
15322
15319
15315
15314
15308
15302
15297
15295
15284
15283
15279
15279
15278
15271
15265
15265
15261
15254
15253
15247
15246
15244
15240
15236
15234
15233
15229
15228
15224
15223
15217
15217
15210
15209
15194
15191
15188
15186
15184
15182
15182
15180
15177
15176
15175
15172
15168
15159
15159
15149
15148
15147
15143
15139
15138
15138
15130
15129
15128
15122
15117
15116
15115
15114
15112
15108
15107
15099
15098
15097
15095
15094
15087
15081
15081
15070
15068
15065
15060
15059
15058
15055
15051
15050
15050
15046
15038
15038
15037
15032
15031
15029
15029
15029
15026
15020
15017
15015
15014
15008
15003
15000
14994
14994
14988
14986
14986
14985
14983
14979
14976
14975
14972
14971
14969
14969
14968
14968
14965
14964
14952
14943
14940
14935
14934
14930
14930
14928
14921
14919
14910
14902
14896
14895
14893
14892
14892
14884
14883
14882
14880
14876
14875
14873
14869
14869
14868
14863
14862
14860
14855
14855
14845
14844
14843
14843
14842
14841
14839
14836
14833
14830
14826
14823
14821
14818
14809
14809
14806
14802
14798
14797
14797
14789
14785
14780
14777
14775
14773
14770
14764
14763
14760
14760
14759
14754
14754
14750
14749
14745
14736
14736
14732
14726
14721
14720
14717
14716
14714
14710
14708
14703
14702
14702
14700
14697
14697
14695
14695
14691
14690
14690
14685
14684
14676
14675
14668
14666
14663
14657
14656
14656
14656
14655
14655
14650
14649
14649
14641
14638
14634
14631
14627
14625
14621
14612
14612
14611
14610
14609
14607
14604
14594
14592
14591
14589
14589
14586
14577
14572
14571
14566
14565
14565
14561
14560
14558
14552
14551
14545
14529
14528
14528
14526
14518
14516
14513
14509
14507
14501
14499
14498
14496
14494
14490
14488
14487
14487
14486
14486
14481
14479
14473
14472
14469
14466
14461
14460
14459
14458
14458
14457
14457
14456
14456
14456
14453
14450
14442
14440
14439
14438
14433
14432
14428
14427
14421
14418
14417
14414
14412
14402
14401
14400
14400
14399
14398
14394
14391
14390
14389
14388
14386
14385
14384
14383
14382
14377
14376
14371
14368
14368
14364
14362
14361
14360
14360
14359
14353
14350
14349
14348
14348
14347
14335
14335
14334
14324
14324
14324
14318
14312
14308
14299
14290
14290
14289
14286
14282
14281
14277
14276
14274
14274
14272
14268
14267
14263
14262
14260
14250
14249
14247
14246
14244
14236
14235
14233
14232
14231
14231
14227
14226
14219
14219
14218
14214
14212
14206
14205
14199
14198
14196
14194
14193
14193
14191
14186
14184
14183
14180
14177
14174
14173
14172
14172
14168
14168
14165
14165
14164
14154
14150
14150
14145
14142
14138
14133
14132
14128
14127
14121
14119
14116
14115
14115
14115
14115
14113
14113
14110
14100
14100
14099
14091
14086
14085
14078
14078
14076
14056
14054
14053
14049
14044
14037
14037
14033
14022
14022
14021
14015
14013
14011
14010
14009
14008
14000
13998
13997
13995
13995
13994
13993
13993
13990
13982
13982
13981
13978
13976
13974
13973
13966
13966
13966
13964
13963
13962
13962
13953
13950
13946
13944
13942
13942
13937
13932
13932
13930
13923
13920
13918
13914
13914
13912
13910
13909
13903
13899
13898
13896
13895
13894
13888
13886
13884
13883
13882
13874
13866
13859
13858
13856
13853
13846
13845
13845
13844
13844
13844
13844
13842
13841
13841
13840
13837
13834
13833
13827
13826
13822
13820
13817
13814
13810
13810
13804
13801
13800
13799
13798
13794
13786
13784
13780
13777
13777
13776
13773
13773
13772
13772
13770
13763
13761
13759
13758
13753
13752
13751
13751
13747
13745
13745
13743
13740
13739
13738
13735
13734
13732
13729
13727
13725
13725
13721
13721
13720
13719
13715
13711
13709
13705
13705
13704
13704
13704
13704
13703
13700
13695
13694
13691
13689
13687
13686
13681
13681
13680
13680
13677
13677
13676
13675
13674
13673
13672
13670
13668
13660
13658
13656
13655
13653
13647
13645
13643
13642
13642
13637
13637
13634
13634
13633
13623
13623
13621
13618
13614
13613
13611
13606
13605
13604
13603
13595
13583
13583
13583
13579
13577
13577
13576
13576
13575
13572
13571
13571
13570
13569
13566
13564
13563
13563
13562
13562
13561
13559
13558
13557
13554
13553
13553
13552
13552
13546
13545
13542
13536
13534
13533
13532
13530
13530
13529
13529
13524
13523
13522
13521
13520
13517
13517
13516
13514
13512
13508
13506
13504
13503
13503
13502
13500
13500
13493
13482
13482
13480
13480
13478
13477
13474
13472
13469
13464
13464
13463
13458
13458
13456
13455
13455
13452
13448
13447
13446
13446
13445
13443
13442
13440
13440
13439
13436
13433
13429
13428
13425
13425
13408
13407
13404
13399
13398
13396
13395
13391
13390
13388
13388
13386
13381
13377
13377
13375
13373
13371
13370
13367
13365
13364
13364
13362
13356
13349
13349
13345
13345
13343
13341
13337
13336
13334
13333
13332
13330
13327
13321
13318
13316
13315
13313
13312
13311
13311
13311
13311
13308
13303
13300
13300
13297
13297
13296
13295
13294
13293
13291
13290
13287
13285
13283
13277
13275
13267
13266
13266
13265
13265
13262
13259
13259
13257
13252
13251
13248
13248
13244
13244
13234
13232
13226
13224
13223
13223
13222
13220
13217
13216
13215
13212
13209
13207
13204
13199
13199
13197
13195
13193
13192
13189
13187
13187
13186
13185
13183
13183
13181
13180
13179
13176
13174
13172
13170
13169
13168
13168
13164
13162
13160
13149
13145
13141
13140
13137
13136
13134
13132
13131
13130
13122
13122
13122
13122
13118
13115
13115
13111
13107
13103
13100
13098
13096
13091
13089
13088
13087
13084
13083
13082
13080
13079
13077
13072
13070
13070
13069
13066
13066
13064
13063
13063
13062
13060
13056
13055
13051
13048
13047
13046
13044
13042
13040
13040
13038
13035
13034
13033
13033
13032
13030
13030
13028
13027
13026
13026
13023
13019
13018
13017
13016
13015
13012
13012
13010
13008
13004
13004
13004
13003
13001
13000
12999
12996
12996
12995
12994
12994
12993
12992
12991
12989
12987
12986
12985
12980
12979
12977
12974
12965
12963
12961
12960
12959
12958
12957
12957
12956
12955
12955
12955
12954
12954
12951
12950
12950
12948
12942
12942
12941
12938
12937
12935
12935
12931
12927
12926
12923
12922
12918
12917
12911
12911
12910
12908
12908
12907
12905
12904
12904
12903
12901
12900
12896
12895
12892
12889
12888
12887
12887
12885
12882
12880
12880
12879
12878
12876
12873
12872
12872
12871
12869
12869
12868
12868
12866
12864
12861
12861
12859
12859
12855
12854
12854
12852
12851
12850
12848
12845
12843
12839
12838
12837
12837
12835
12834
12834
12833
12832
12832
12831
12828
12824
12822
12819
12818
12816
12816
12816
12814
12812
12810
12809
12808
12808
12808
12806
12805
12804
12804
12803
12802
12801
12800
12799
12796
12795
12793
12793
12789
12787
12786
12785
12784
12784
12784
12784
12783
12781
12781
12779
12777
12776
12770
12770
12769
12764
12762
12760
12760
12759
12758
12758
12757
12756
12756
12755
12755
12755
12755
12754
12754
12752
12750
12750
12749
12748
12747
12744
12742
12742
12740
12740
12739
12736
12736
12735
12734
12733
12732
12732
12731
12730
12730
12725
12725
12725
12723
12722
12722
12721
12720
12719
12718
12718
12718
12717
12716
12716
12716
12715
12715
12714
12713
12713
12713
12712
