17107864
659439
467071
378619
358054
327759
319574
294574
288572
285814
272997
270193
266247
266242
266240
262197
247724
230008
215179
213941
205280
196429
188007
170199
147517
138894
133356
125712
123806
119235
116993
116891
116850
114724
114033
112418
112321
110505
110263
108801
108306
107962
106331
104461
104307
100733
99644
96752
96733
96354
96222
95951
95293
93457
93412
92493
91187
89883
89259
85288
84680
84333
84119
83473
79836
77251
77241
74038
73528
73325
71300
70978
69972
69722
69456
68842
65538
64467
63405
62180
61815
60671
59812
58319
57372
57139
56789
53670
52659
52044
51972
51477
51394
51247
51228
50818
50772
49578
49562
49160
48587
47446
47233
46976
46406
46229
46039
46030
46015
45907
45809
44913
43966
43697
43691
43579
43129
43070
42940
42750
42611
42325
42324
42199
42042
41910
41279
40614
40570
40123
39808
39529
39487
39347
38185
38128
37863
37499
37481
37436
36998
36444
35954
35889
35355
35077
35066
35048
35030
34814
34706
34657
34539
33722
33569
33215
32764
32555
32339
32225
32142
32050
31928
31813
31650
31541
31340
31336
31199
31113
31097
31031
31023
31016
31005
31000
31000
31000
31000
30999
30998
30998
30997
30997
30996
30996
30996
30995
30994
30993
30993
30992
30988
30988
30987
30987
30986
30986
30986
30986
30985
30985
30984
30983
30983
30983
30982
30982
30982
30981
30981
30866
30668
30660
30331
29933
29715
29709
29664
29558
29328
29201
29194
28985
28839
28551
28466
28414
27877
27855
27706
27448
27292
27084
27075
27075
27073
26979
26946
26906
26795
26602
25636
25444
25420
25416
25378
25332
25297
25291
25255
25229
25197
25149
25111
24955
24886
24637
24362
24200
23978
23798
23741
23589
23514
23363
23246
23240
23239
23238
23057
22997
22897
22894
22828
22694
22416
22256
21973
21866
21828
21771
21602
21548
21536
21536
21536
21536
21535
21535
21534
21534
21352
21339
21166
21139
21056
21028
20974
20950
20941
20819
20767
20732
20718
20676
20516
20457
20395
20395
20358
20286
20251
20148
20070
19952
19401
19400
19335
19283
19272
19195
19164
19039
19036
19028
19000
18981
18796
18777
18753
18751
18748
18510
18383
18380
18157
18155
18100
18066
18012
18000
17982
17847
17689
17537
17482
17398
17363
17351
17320
17187
17185
17153
17125
17053
17027
17017
17008
16972
16930
16748
16747
16742
16713
16701
16686
16683
16638
16579
16571
16522
16373
16365
16344
16261
16240
16224
16189
16182
16135
15988
15932
15875
15838
15703
15661
15661
15536
15454
15388
15324
15223
15219
15200
15141
15128
15036
15014
15014
14896
14704
14565
14544
14536
14387
14332
14328
14315
14246
14203
14196
14178
14166
14162
14162
14141
14135
14091
14077
14063
14057
14032
14011
14003
13956
13951
13942
13914
13893
13864
13816
13622
13558
13554
13552
13528
13340
13309
13254
13252
13252
13176
13056
13013
13010
12997
12993
12992
12972
12963
12918
12859
12833
12832
12831
12822
12809
12807
12789
12754
12731
12725
12713
