16707292
7337696
5495259
3408052
3168511
2763096
2681202
2605073
2251383
2213199
1836179
1514294
1355859
1339002
1262717
1232801
884241
847806
844556
809561
789840
789544
785928
738410
715693
691690
626786
595417
564895
560539
551986
519864
509864
496442
491228
480203
472540
471679
468574
464066
463668
457112
435225
421762
414440
408894
380739
371951
363277
360182
359966
358895
358476
344811
338651
335382
324324
321671
319129
314911
314008
312632
304992
302057
301502
289858
282908
282762
279615
279382
271064
270444
268463
266544
266245
263581
263236
262934
257221
245100
235102
227034
225835
225779
215412
215325
210236
209835
207878
207636
205609
204260
203917
202420
189156
187368
187208
186210
186164
182124
179318
178812
177285
172711
172680
172166
168590
168362
167271
167084
165812
165155
164722
163396
162138
161345
160467
159016
154277
152873
151730
148973
148202
144104
143875
143491
141420
140792
139617
139426
139178
136935
136793
134850
134535
131882
130718
130216
129330
127034
126475
124957
124104
123311
123173
122263
121409
120933
119673
119472
119290
118110
116758
116354
116173
115986
113423
112993
112466
111844
111195
110721
108978
108439
108142
106615
105972
103848
103542
103321
103103
103058
101903
101203
100951
100753
99992
99875
98869
98009
97800
95770
94651
94310
94038
93782
92194
91750
91499
91011
91004
90976
90620
89816
89567
89235
89210
88585
87070
86500
86339
86142
85404
85190
84636
84124
83972
83634
83435
83048
82852
82691
82661
81750
81509
81441
81405
81135
81051
80540
80261
79225
79223
79139
77895
77243
76402
75920
75477
75025
74953
74891
74888
74074
73388
72995
72529
71864
71775
71546
70558
70499
70305
69975
69500
69136
68819
68437
67955
67707
66014
65238
65231
64680
64664
64037
63927
63223
62740
62670
62484
62484
62434
62362
62292
61548
61420
61330
61085
60820
60737
60441
60099
59779
59729
59534
59114
59059
58972
58792
57711
57363
57264
57258
57219
57197
56972
56912
56257
56147
55826
55684
55377
55124
54839
54755
54471
54247
54066
53932
53582
53430
53386
53302
52924
52883
52727
52676
52640
52559
52490
52389
51961
51681
51674
51453
51329
51195
51138
51087
51084
50944
50879
50871
50783
50774
50728
50593
50000
49859
49782
49723
49717
49686
49526
49518
49485
49248
49093
49000
48945
48929
48569
48560
48461
48263
48226
48168
48084
48066
47961
47855
47655
47628
47627
47535
47302
47182
47120
46790
46582
46481
46327
46017
45793
45662
45207
44975
44714
44421
44407
44401
44126
44113
44102
44001
43809
43757
43711
43708
43706
43700
43695
43693
43693
43693
43691
43691
43508
43502
43292
43078
43072
43071
43061
43054
42859
42645
42633
42611
42596
42569
42151
42028
41922
41890
41802
41793
41714
41485
41199
41175
40994
40849
40504
40476
40404
40157
39977
39958
39600
39581
39508
39340
39115
38990
38912
38910
38902
38871
38848
38678
38598
38576
38387
38076
37978
37800
37652
37614
37554
37521
37506
37376
37156
37134
36916
36878
36851
36768
36694
36557
36360
36309
36179
36179
36152
36026
36009
35950
35946
35809
35622
35549
35380
35353
35238
35215
35177
35156
35064
34591
34576
34473
34429
34389
34369
34220
34121
33939
33851
33653
33642
33639
33624
33566
33535
33503
33469
33444
33329
33260
33210
33152
33014
32974
32973
32918
32897
32670
32631
32611
32562
32351
32348
32339
32313
32220
32162
31836
31670
31641
31619
31616
31567
31524
31445
31435
31405
31338
31328
31285
31280
31253
31224
31222
31199
31156
31147
31130
31101
31101
31087
31081
31080
31065
31057
31056
31042
31020
31013
31007
31003
31002
31000
30999
30999
30999
30998
30997
30997
30997
30997
30997
30996
30996
30996
30996
30996
30996
30996
30995
30995
30995
30995
30995
30995
30994
30994
30994
30994
30993
30993
30993
30993
30991
30991
30990
30990
30990
30990
30989
30989
30988
30988
30988
30987
30987
30987
30987
30987
30986
30986
30986
30986
30985
30985
30985
30985
30984
30984
30984
30984
30984
30983
30983
30983
30983
30982
30982
30982
30982
30982
30982
30982
30981
30981
30981
30981
30981
30718
30688
30614
30553
30520
30426
30325
30277
30160
30023
30009
29940
29906
29902
29886
29824
29810
29672
29623
29541
29442
29440
29399
29276
29268
29076
28962
28872
28857
28805
28546
28416
28379
28376
28323
28315
28258
28231
28201
28182
28148
28140
27997
27939
27928
27923
27891
27883
27855
27822
27790
27705
27659
27595
27558
27523
27510
27470
27401
27397
27380
27339
27333
27160
27140
27075
27075
27075
27075
27075
27075
27066
27045
26963
26902
26876
26750
26743
26679
26579
26536
26533
26526
26441
26406
26397
26392
26373
26356
26337
26299
26276
26273
26191
26146
26131
26130
26099
26062
25994
25992
25977
25890
25867
25864
25805
25735
25706
25651
25624
25623
25560
25508
25467
25418
25417
25417
25416
25416
25416
25408
25401
25320
25276
25137
25123
25091
25052
25026
25007
24968
24954
24889
24886
24860
24850
24846
24832
24755
24744
24736
24721
24572
24461
24399
24385
24341
24321
24297
24284
24132
24122
24092
24081
24054
24037
23988
23781
23731
23635
23595
23449
23430
23419
23354
23350
23347
23297
23241
23241
23241
23240
23240
23239
23239
23239
23239
23239
23239
23239
23238
23238
23237
23237
23219
23214
23190
23133
22950
22948
22869
22790
22623
22532
22529
22507
22404
22404
22388
22359
22320
22310
22137
22090
21942
21927
21896
21812
21799
21766
21762
21713
21695
21695
21643
21639
21603
21603
21562
21557
21546
21544
21544
21539
21539
21537
21537
21537
21536
21536
21536
21536
21536
21536
21536
21536
21536
21535
21534
21519
21486
21467
21460
21455
21437
21419
21360
21298
21269
21249
21220
21219
21205
21167
21154
21110
21095
21072
21044
21032
21028
21028
21009
20981
20960
20958
20955
20941
20941
20941
20885
20852
20840
20790
20783
20750
20725
20703
20689
20685
20677
20638
20636
20594
20579
20568
20498
20489
20377
20325
20279
20265
20154
20149
20139
20118
20027
20015
20003
19988
19869
19855
19813
19775
19755
19746
19730
19714
19712
19691
19690
19678
19640
19630
19556
19554
19548
19546
19517
19517
19498
19463
19418
19404
19370
19356
19353
19344
19339
19310
19293
19256
19195
19181
19176
19173
19167
19161
19093
19089
19045
19041
19028
18994
18987
18975
18967
18960
18875
18854
18817
18794
18789
18756
18717
18696
18695
18688
18671
18638
18571
18538
18506
18319
18296
18207
18187
18174
18162
18150
18146
18108
18094
18044
18011
18010
17963
17934
17928
17918
17847
17820
17799
17720
17713
17692
17638
17591
17581
17520
17504
17465
17447
17439
17420
17332
17315
17299
17297
17286
17278
17269
17246
17218
17194
17187
17177
17151
17151
17125
17107
17102
17096
17071
17054
17047
17039
17033
17032
16992
16982
16936
16934
16931
16902
16871
16865
16789
16785
16777
16757
16752
16746
16745
16734
16733
16720
16701
16695
16675
16670
16633
16581
16576
16543
16541
16526
16496
16494
16431
16413
16409
16399
16387
16383
16359
16350
16337
16301
16292
16266
16243
16240
16211
16165
16098
16057
16039
16005
15993
15891
15890
15875
15875
15870
15830
15802
15758
15746
15741
15714
15713
15696
15670
15658
15655
15599
15566
15566
15566
15563
15541
15524
15509
15509
15490
15477
15464
15449
15449
15378
15207
15188
15158
15128
15113
15092
15076
15029
15018
15008
14997
14996
14975
14968
14944
14931
14894
14879
14823
14795
14791
14785
14765
14726
14694
14671
14655
14650
14626
14599
14594
14592
14588
14584
14579
14563
14553
14539
14488
14486
14480
14468
14415
14386
14380
14375
14330
14324
14309
14300
14276
14263
14251
14243
14240
14227
14220
14215
14194
14190
14188
14181
14167
14162
14161
14161
14161
14148
14133
14132
14085
14078
14068
14056
14008
13940
13907
13886
13886
13884
13868
13849
13837
13816
13788
13780
13777
13776
13763
13740
13738
13738
13735
13722
13712
13696
13676
13661
13633
13632
13626
13623
13597
13560
13558
13554
13538
13524
13471
13452
13428
13393
13392
13369
13365
13346
13325
13325
13296
13291
13267
13256
13252
13247
13246
13202
13155
13150
13132
13116
13108
13105
13087
13050
13046
13034
13025
13019
13017
12995
12983
12952
12949
12943
12920
12918
12899
12892
12885
12857
12856
12848
12837
12830
12828
12813
12809
12790
12781
12764
12742
12738
12738
12735
12733
12730
12728
12726
12723
12717
12716
12715
12712
12712
12712
