77515175
65305536
55448425
53122840
46914652
38339299
31435888
29810467
29090274
23879859
19930633
18650172
17950913
16105115
13370501
13237807
12998105
11397689
11370681
11229705
11188435
11063651
10932659
10699765
9911984
9523594
9139993
9011124
8887519
7550101
7341945
7192366
6889575
6841235
6195388
5926818
5840171
5688372
5056310
4764324
4575196
4340712
3988310
3854902
3842193
3630982
3287086
3264665
3221724
3150310
3150004
3103490
2585864
2480798
2452388
2367296
2325157
2300514
2258524
2214799
2204091
2089908
2088913
2070017
2065806
2024800
1986952
1970957
1951706
1949265
1932467
1918820
1914709
1904294
1842958
1840066
1780282
1742899
1733291
1673653
1672642
1612685
1562364
1542512
1541230
1530984
1502334
1496742
1481807
1460510
1414392
1397097
1373229
1341210
1316045
1304699
1304637
1290552
1276047
1274688
1272742
1234289
1234094
1220126
1201956
1200162
1138217
1137030
1135339
1125785
1117604
1117405
1081742
1071696
1068588
1058636
1054766
1052701
1041974
1023665
999879
999184
984849
984475
976473
967616
955140
953052
942765
938332
930233
919979
915764
899290
895672
871106
870398
863361
861864
855075
847532
844936
843701
842606
838711
834473
813472
803588
801735
798941
797340
797120
781164
773466
770823
768751
767475
764112
759096
756706
744255
736260
725310
718622
718272
712367
708768
708118
706684
701082
698400
696786
696712
684087
680672
679333
673425
666536
665744
663658
644031
639196
639007
632930
630341
628143
626171
624853
616549
616150
615214
613471
608631
607662
604277
604202
596347
583057
581460
579970
578538
572086
564933
555967
551725
549689
548492
544957
543460
537846
536723
532584
531097
528794
528779
525484
519005
507589
498201
496074
494819
490587
490154
486618
483325
482320
481871
473401
470895
469152
465437
463731
462792
461764
458187
457564
455284
454570
451988
450256
449666
440386
437409
433628
433515
432807
429975
426655
424087
423615
421161
420857
420594
420434
415457
414687
412163
410103
409688
407422
407365
405036
401541
401169
400656
398760
396680
396511
395293
393385
392466
392413
392046
386061
382537
377752
375722
374899
373496
370906
370630
369272
368671
366292
366282
364035
362311
362105
361634
360831
355823
355590
352068
351583
350401
349291
347536
347530
347111
346494
345830
345476
345141
344452
340261
339834
339576
339139
336727
336384
334093
332483
331382
328684
326987
326862
326670
323966
323904
321091
320616
320388
320357
319796
316392
314778
313353
312941
312095
309743
309024
308682
306208
304081
303520
302180
300982
300119
299542
298964
298717
298279
296569
295629
295375
295032
294826
294098
293932
292116
288734
287971
287297
286873
286586
286190
285211
283805
283252
281704
281280
280989
280922
280779
278550
277304
275219
275077
275011
274701
273390
273016
272551
272036
271803
271040
269534
269248
269136
267647
266539
266297
266242
266239
263739
263121
262422
261805
261465
260972
260697
260500
260182
258746
256265
255479
254790
252773
250472
250410
250406
249726
249000
248941
247657
247169
244205
242573
240678
239031
238123
237647
236846
235326
234839
233221
233108
232908
232065
231101
230929
230484
229786
227327
227213
226958
226433
225885
225766
224496
224206
222749
221619
220908
220855
220358
219771
218956
218842
218773
218475
217862
217081
216855
215811
215685
215453
215272
214964
214751
212710
212178
212107
212079
211086
210758
210305
209607
206177
205085
204369
204293
203839
203302
202774
202693
201992
201707
200765
199767
199469
199241
199162
198821
198803
198360
198320
197971
197831
197445
195748
194942
194201
193340
192789
192052
190893
190709
190464
190074
189049
188903
188319
188057
186254
185420
185245
184389
184129
182979
182619
182480
181920
181521
181269
180363
180180
180112
179968
179664
179470
179326
179276
179142
178763
178706
177435
176728
176091
175577
175256
174291
174140
172225
171849
171720
171536
170004
169793
169495
168523
166928
166900
165876
165577
164897
164648
164576
164312
163999
163855
163313
163293
162865
162491
161393
161130
161029
160663
160180
159968
159771
159710
159297
158420
158024
157780
157252
156684
156028
155644
155413
155278
155253
154602
154501
154498
154278
153886
153779
153722
153572
153451
153356
153274
152852
152127
150743
150139
149397
149341
148934
148515
147178
147168
146967
146689
146367
145619
145473
144214
144128
144126
143958
143656
143403
143088
143060
142960
142722
142411
141293
141259
140960
140842
140797
140137
139477
139476
139232
138957
138817
138649
138421
138311
138247
137852
137822
137650
137525
137478
136763
135977
135960
135144
134724
134722
134239
133657
133191
133127
133020
132732
132498
132345
132315
132306
132269
132242
131922
131812
131207
130722
130544
130539
130375
130115
129992
129825
129736
129557
129549
129226
129217
129079
129067
128746
127947
127883
127780
127342
126911
126715
126115
125904
125738
125720
125439
125168
124908
124790
124561
124317
124241
124149
124040
124003
123629
123514
123216
122995
122807
122301
122163
122099
121850
121764
121708
121626
121561
121467
121312
121308
120899
120723
120097
120088
120006
119389
119253
119090
119046
118994
118636
118531
118509
118377
118317
118157
117871
117661
117647
117315
117031
116443
116394
116187
116025
115444
115319
115295
115099
114921
114820
114534
114269
114182
114005
113876
113270
113248
112926
112875
112346
112268
112139
111730
111694
111211
111176
110888
110699
110415
110396
110331
110325
110309
110036
109654
109120
108810
108342
107908
107641
107267
106856
106750
106549
106143
106042
105756
105436
105163
105125
105077
105072
105017
104971
104937
104909
104845
104637
104374
104178
103755
103643
103564
103197
103118
102626
102321
102138
102064
101914
101598
101468
101465
101400
100962
100655
100475
100381
100104
99816
99245
98877
98839
98828
98585
98572
98499
98186
98116
97945
97866
97713
97302
97244
97160
97050
97042
96916
96719
96322
96190
96149
96063
95933
95537
95450
95213
95182
95098
94699
94682
94595
94474
94432
94147
94081
94079
93883
93875
93865
93820
93777
93770
93662
93659
93532
93454
93441
93137
92856
92736
92638
92572
92498
92237
92012
91792
91468
91208
91156
91053
90989
90892
90729
90670
90603
90480
90386
90352
90317
90213
90180
89754
89659
89641
89402
89388
89270
89180
89073
88850
88611
88467
88460
88408
88147
87983
87801
87712
87679
87676
87046
86957
86549
86435
86317
86173
86028
85755
85751
85589
85561
85556
85511
85451
85355
85334
85180
84967
84861
84731
84545
84540
84357
84280
84259
83831
83821
83802
83696
83405
83138
83084
83031
83029
82975
82932
82701
82589
82474
82387
82312
81916
81695
81691
81674
81627
81582
81535
81465
81344
81330
81195
80929
80787
80536
80527
80525
80468
80390
79998
79785
79665
79625
78906
78792
78676
78521
78386
78251
78243
78084
77872
77870
77866
77758
77724
77631
77519
77473
77445
77329
77282
77278
77224
77199
77140
76942
76816
76455
76438
76370
76097
76091
76064
75786
75656
75335
74977
74949
74876
74847
74653
74633
74148
73930
73419
73301
73172
73167
73144
73083
73023
72921
72701
72657
72335
72135
72125
71965
71949
71909
71563
71542
71454
71443
71313
71209
71182
71122
70911
70874
70847
70582
70565
70539
70469
70349
70229
70209
69910
69773
69765
69717
69446
69211
69066
68873
68788
68668
68529
68469
68414
68293
68289
68178
68060
68010
67866
67781
67763
67715
67659
67586
67548
67484
67385
67315
67290
67073
67071
66981
66890
66868
66838
66688
66650
66602
66475
66385
66193
66139
66112
66083
65939
65850
65784
65721
65707
65691
65643
65577
65556
65518
65341
65140
65132
64792
64723
64604
64520
64517
64426
64389
64350
64226
64184
64088
63994
63988
63985
63978
63891
63863
63766
63756
63718
63642
63553
63520
63519
63519
63431
63360
63353
63323
63131
63037
62920
62841
62835
62743
62728
62547
62510
62477
62407
62366
62307
62175
62092
61937
61813
61806
61787
61783
61498
61407
61223
61221
61097
61025
60959
60738
60630
60497
60471
60400
60391
60331
60276
60039
60033
59898
59893
59697
59641
59601
59582
59470
59401
59200
59199
58933
58921
58773
58726
58710
58577
58559
58547
58522
58503
58496
58483
58217
58125
58040
57893
57813
57680
57598
57576
57504
57484
57477
57445
57426
57413
57395
57275
57078
56977
56954
56927
56924
56610
56565
56551
56519
56488
56436
56436
56430
56400
56195
56160
56139
56002
55951
55933
55920
55880
55876
55793
55758
55719
55714
55660
55631
55546
55534
55445
55424
55374
55322
55317
55316
55312
55103
55011
54888
54830
54771
54726
54726
54719
54631
54595
54595
54591
54566
54446
54355
54346
54253
54249
54197
54152
54060
53965
53880
53866
53823
53809
53697
53579
53464
53444
53434
53388
53380
53356
53314
53296
53286
53277
53204
53189
53135
53089
53088
53069
53014
53009
52931
52722
52669
52641
52641
52615
52589
52580
52569
52450
52414
52384
52354
52347
52259
52212
52201
52148
52057
51948
51928
51895
51886
51787
51680
51673
51651
51550
51543
51493
51484
51436
51367
51306
51301
51211
51077
51076
51038
51006
50976
50824
50820
50793
50700
50661
50651
50622
50551
50548
50482
50461
50452
50421
50383
50199
50127
49984
49955
49953
49878
49797
49636
49605
49597
49560
49462
49382
49342
49223
49205
49203
49198
49132
49129
49012
48979
48833
48782
48777
48751
48748
48694
48627
48593
48497
48460
48448
48253
48196
48192
48184
48151
48125
48025
48023
48004
47932
47929
47892
47768
47748
47675
47621
47555
47500
47492
47445
47331
47322
47320
47203
47194
47150
47149
47090
47079
47051
47019
47005
46988
46937
46781
46754
46728
46727
46703
46456
46379
46272
46254
46222
46202
46144
46047
45999
45993
45982
45965
45899
45753
45680
45662
45514
45290
45095
45080
45078
45031
45021
45000
44957
44932
44912
44784
44614
44561
44555
44550
44542
44521
44509
44347
44344
44338
44249
44245
44190
44111
44106
44093
44041
44026
43971
43956
43951
43931
43920
43903
43889
43873
43785
43775
43740
43728
43723
43712
43706
43703
43699
43698
43697
43695
43693
43693
43692
43690
43636
43603
43602
43576
43386
43376
43330
43321
43287
43254
43175
43126
43106
43085
43076
43074
43074
43073
43068
43001
42986
42892
42885
42835
42785
42782
42773
42768
42737
42722
42640
42607
42555
42531
42486
42389
42371
42312
42295
42291
42203
42172
42144
42084
42063
42061
42028
42021
41992
41944
41869
41790
41750
41645
41563
41553
41531
41496
41494
41489
41431
41377
41356
41330
41328
41190
41144
41063
40943
40910
40833
40821
40777
40728
40701
40697
40532
40512
40461
40382
40371
40354
40299
40235
40155
40134
40125
40124
40033
40033
40018
39995
39968
39870
39859
39809
39786
39783
39777
39754
39750
39707
39677
39672
39671
39669
39649
39632
39613
39556
39514
39469
39461
39385
39339
39280
39261
39253
39250
39174
39140
39116
39067
39038
39009
38995
38965
38894
38862
38750
38740
38734
38713
38687
38588
38554
38549
38472
38452
38333
38332
38185
38125
38088
38051
38017
38014
37966
37962
37901
37847
37838
37834
37785
37771
37747
37734
37698
37655
37624
37612
37568
37460
37359
37280
37221
37192
37171
37139
37131
37116
37100
37039
37023
36995
36962
36957
36906
36899
36889
36858
36834
36804
36754
36729
36615
36563
36553
36524
36408
36396
36346
36310
36303
36285
36277
36261
36254
36252
36186
36105
36053
36009
36007
35994
35977
35932
35898
35875
35772
35732
35705
35700
35672
35631
35629
35628
35599
35548
35533
35458
35457
35440
35418
35395
35382
35343
35282
35168
35155
35152
35085
34984
34923
34913
34888
34881
34837
34823
34810
34799
34782
34746
34741
34694
34690
34633
34620
34603
34581
34574
34535
34533
34501
34499
34430
34417
34408
34373
34318
34270
34269
34222
34178
34162
34134
34125
34098
34091
34072
34068
34011
33999
33993
33905
33865
33855
33688
33679
33617
33615
33588
33575
33555
33467
33365
33286
33248
33235
33199
33153
33114
33107
33066
33065
33037
33007
32998
32974
32963
32963
32960
32953
32935
32925
32925
32921
32872
32836
32828
32825
32816
32779
32762
32752
32746
32735
32650
32607
32581
32560
32550
32529
32528
32515
32501
32498
32472
32463
32461
32444
32436
32417
32396
32384
32379
32352
32349
32334
32324
32279
32237
32227
32222
32211
32186
32061
32053
32039
31965
31931
31901
31901
31897
31875
31838
31836
31815
31775
31766
31737
31690
31688
31668
31667
31612
31576
31569
31562
31548
31500
31494
31467
31466
31464
31455
31448
31438
31422
31385
31352
31309
31301
31291
31284
31284
31271
31271
31255
31246
31231
31210
31199
31195
31162
31158
31124
31124
31112
31106
31101
31089
31086
31083
31073
31070
31062
31061
31059
31051
31050
31050
31036
31031
31018
31017
31017
31017
31017
31016
31016
31014
31013
31011
31010
31008
31007
31007
31006
31006
31005
31005
31004
31004
31004
31003
31003
31003
31003
31003
31003
31002
31002
31001
31001
31001
31001
31001
31000
31000
31000
30999
30999
30999
30999
30999
30998
30998
30998
30998
30997
30997
30997
30997
30997
30997
30996
30996
30996
30996
30996
30996
30996
30995
30995
30995
30995
30995
30995
30995
30995
30994
30994
30994
30994
30993
30993
30993
30993
30993
30992
30992
30992
30991
30991
30991
30990
30990
30989
30989
30989
30988
30988
30988
30988
30988
30987
30987
30987
30987
30987
30986
30986
30986
30986
30986
30986
30985
30985
30984
30984
30984
30984
30984
30983
30983
30983
30983
30982
30982
30982
30982
30982
30982
30982
30982
30982
30982
30981
30981
30981
30981
30981
30981
30981
30981
30981
30981
30981
30981
30981
30981
30965
30959
30921
30818
30796
30785
30757
30738
30733
30646
30625
30594
30593
30566
30552
30522
30506
30489
30481
30433
30412
30368
30331
30290
30266
30263
30254
30228
30214
30184
30176
30161
30156
30145
30129
29993
29987
29977
29977
29975
29949
29940
29935
29923
29891
29881
29874
29865
29817
29816
29812
29811
29784
29742
29693
29657
29650
29603
29584
29545
29523
29513
29506
29501
29497
29497
29491
29488
29484
29461
29451
29391
29388
29351
29350
29343
29337
29314
29267
29216
29214
29212
29200
29191
29160
29145
29142
29141
29110
29093
29067
29064
29017
28993
28987
28875
28858
28824
28808
28789
28775
28720
28697
28678
28653
28642
28642
28611
28580
28556
28554
28551
28539
28487
28454
28442
28414
28353
28334
28332
28287
28262
28203
28188
28160
28139
28106
28104
28100
28044
28043
27999
27986
27981
27977
27971
27913
27904
27902
27835
27829
27817
27809
27757
27745
27742
27694
27678
27664
27657
27626
27622
27593
27584
27548
27529
27507
27500
27499
27493
27471
27461
27440
27436
27387
27376
27363
27336
27309
27305
27305
27271
27242
27180
27179
27175
27174
27158
27157
27137
27123
27081
27081
27059
27035
27026
27006
27002
26981
26977
26973
26952
26947
26934
26932
26923
26889
26856
26785
26761
26757
26677
26674
26655
26638
26634
26603
26596
26580
26553
26544
26528
26518
26508
26428
26417
26400
26391
26373
26367
26363
26336
26311
26259
26253
26252
26228
26220
26183
26175
26170
26158
26156
26140
26128
26110
26074
26068
26067
26035
26021
26020
25999
25993
25953
25945
25937
25923
25922
25912
25870
25860
25837
25819
25809
25795
25734
25732
25728
25723
25718
25714
25695
25694
25682
25665
25663
25626
25616
25613
25587
25567
25559
25556
25539
25512
25490
25463
25453
25445
25439
25428
25415
25393
25341
25329
25321
25320
25299
25287
25277
25255
25251
25249
25246
25237
25215
25209
25205
25169
25169
25161
25132
25119
25091
25086
25075
25068
25037
25031
25007
25006
24994
24970
24965
24947
24941
24922
24916
24900
24877
24877
24864
24853
24843
24836
24831
24826
24825
24817
24751
24740
24721
24715
24710
24669
24645
24632
24627
24625
24610
24550
24544
24525
24458
24440
24439
24405
24392
24386
24385
24385
24374
24358
24337
24328
24286
24278
24277
24264
24259
24226
24207
24187
24183
24182
24166
24145
24100
24094
24085
24035
24033
24004
24003
23987
23934
23923
23906
23894
23886
23885
23875
23840
23839
23834
23831
23809
23777
23776
23761
23758
23715
23711
23700
23687
23686
23657
23626
23562
23553
23481
23472
23472
23434
23430
23411
23401
23395
23384
23382
23375
23367
23340
23337
23327
23321
23302
23302
23296
23287
23262
23251
23247
23246
23242
23242
23241
23241
23240
23240
23239
23239
23237
23237
23218
23195
23183
23169
23169
23167
23162
23147
23137
23132
23125
23111
23088
23083
23074
23070
23062
23053
23041
23025
22983
22980
22945
22940
22928
22924
22904
22894
22892
22880
22878
22873
22828
22801
22799
22782
22773
22734
22724
22719
22713
22712
22677
22652
22633
22628
22605
22577
22576
22572
22556
22545
22501
22477
22467
22460
22442
22415
22383
22379
22378
22376
22360
22357
22336
22334
22262
22249
22192
22176
22175
22152
22151
22123
22104
22072
22070
22060
22056
22054
22051
22016
22013
22003
21992
21989
21979
21963
21924
21905
21891
21889
21861
21858
21858
21829
21817
21814
21814
21797
21796
21795
21783
21775
21748
21740
21739
21723
21715
21711
21709
21702
21688
21688
21672
21670
21668
21664
21646
21646
21639
21639
21634
21632
21630
21627
21626
21626
21623
21618
21613
21612
21612
21603
21597
21581
21570
21554
21550
21541
21540
21539
21539
21538
21537
21537
21537
21537
21537
21537
21537
21536
21536
21536
21536
21536
21536
21536
21536
21536
21536
21536
21535
21534
21534
21534
21534
21534
21534
21534
21534
21526
21526
21494
21485
21469
21464
21459
21446
21446
21419
21395
21391
21373
21361
21361
21355
21354
21346
21345
21337
21337
21268
21229
21221
21208
21205
21196
21194
21184
21177
21151
21151
21136
21130
21128
21119
21111
21106
21102
21101
21067
21042
21029
21006
20986
20949
20939
20937
20920
20908
20877
20873
20865
20839
20813
20809
20786
20774
20747
20739
20729
20726
20719
20712
20711
20693
20692
20657
20651
20647
20632
20631
20619
20613
20599
20565
20563
20545
20535
20518
20495
20483
20461
20457
20449
20436
20433
20424
20419
20400
20400
20397
20361
20351
20331
20325
20322
20320
20318
20317
20274
20258
20224
20221
20202
20163
20143
20137
20119
20110
20083
20082
20081
20065
20065
20061
20055
20054
20046
20043
20040
20033
20006
20002
19992
19958
19953
19952
19922
19895
19893
19874
19858
19850
19849
19832
19829
19823
19823
19761
19754
19748
19742
19738
19726
19716
19703
19701
19698
19685
19670
19667
19634
19633
19629
19626
19608
19604
19594
19579
19535
19529
19497
19496
19473
19431
19420
19419
19403
19390
19364
19347
19337
19316
19308
19287
19284
19282
19271
19225
19224
19213
19199
19194
19184
19177
19148
19143
19125
19102
19094
19068
19067
19061
19043
19032
19031
19018
19014
19009
19005
19002
18995
18995
18979
18972
18966
18965
18942
18938
18913
18913
18913
18890
18889
18883
18876
18850
18843
18834
18819
18810
18808
18802
18800
18787
18785
18768
18762
18749
18737
18725
18720
18674
18649
18647
18641
18628
18623
18601
18580
18580
18571
18570
18570
18564
18555
18553
18541
18540
18530
18515
18508
18501
18498
18497
18492
18456
18437
18434
18399
18399
18397
18388
18360
18360
18355
18334
18317
18314
18307
18300
18293
18277
18267
18225
18215
18211
18208
18201
18197
18179
18179
18171
18155
18147
18124
18116
18102
18101
18091
18088
18081
18077
18067
18056
18046
18044
18033
18026
18024
18018
18013
18009
18001
17995
17993
17978
17978
17963
17962
17939
17934
17933
17913
17912
17905
17905
17902
17885
17884
17880
17850
17834
17820
17819
17808
17804
17803
17789
17784
17774
17757
17756
17754
17752
17713
17694
17688
17676
17668
17663
17656
17655
17653
17652
17642
17638
17620
17619
17613
17613
17600
17587
17572
17552
17540
17536
17526
17519
17514
17506
17494
17479
17476
17463
17457
17455
17453
17437
17435
17431
17428
17420
17379
17377
17366
17348
17344
17340
17334
17317
17317
17313
17309
17309
17300
17297
17286
17277
17265
17223
17208
17203
17186
17185
17172
17151
17150
17145
17125
17107
17105
17098
17092
17091
17085
17069
17054
17042
17021
17002
16983
16979
16972
16972
16972
16960
16931
16931
16917
16917
16887
16885
16883
16883
16875
16872
16869
16866
16857
16851
16849
16843
16841
16825
16814
16807
16794
16789
16773
16762
16740
16739
16734
16726
16719
16716
16686
16669
16654
16648
16640
16638
16635
16609
16599
16591
16560
16544
16543
16532
16530
16527
16527
16517
16513
16509
16497
16486
16481
16455
16452
16444
16443
16424
16418
16403
16393
16389
16387
16362
16361
16358
16357
16357
16346
16340
16330
16324
16320
16290
16275
16256
16255
16255
16249
16247
16245
16242
16241
16234
16219
16212
16202
16179
16179
16179
16173
16157
16154
16152
16152
16140
16133
16130
16122
16117
16114
16100
16083
16062
16061
16055
16006
16001
15998
15997
15994
15994
15989
15987
15981
15979
15970
15968
15968
15965
15960
15949
15947
15919
15917
15904
15899
15893
15862
15852
15842
15841
15840
15820
15811
15795
15780
15763
15761
15761
15753
15751
15745
15736
15735
15727
15725
15722
15719
15714
15702
15695
15683
15680
15668
15667
15665
15665
15655
15645
15639
15617
15616
15606
15600
15579
15576
15572
15569
15565
15563
15548
15543
15535
15534
15534
15534
15521
15490
15473
15473
15467
15463
15456
15452
15434
15434
15426
15415
15414
15413
15375
15371
15371
15369
15356
15355
15354
15349
15340
15330
15318
15315
15309
15302
15292
15287
15278
15278
15267
15246
15236
15233
15224
15205
15185
15160
15158
15158
15153
15142
15133
15120
15115
15111
15102
15101
15099
15097
15090
15088
15088
15075
15034
15034
15034
15024
15022
15018
15014
14984
14982
14981
14968
14968
14957
14944
14922
14921
14907
14891
14891
14883
14883
14875
14874
14873
14856
14854
14843
14815
14804
14804
14803
14802
14788
14783
14783
14779
14772
14754
14748
14732
14731
14730
14721
14719
14711
14701
14694
14694
14679
14658
14657
14637
14636
14618
14603
14594
14593
14582
14575
14568
14567
14562
14560
14556
14554
14548
14540
14533
14532
14531
14529
14528
14526
14489
14487
14478
14475
14474
14466
14462
14448
14448
14440
14427
14419
14407
14402
14386
14376
14355
14343
14337
14329
14295
14278
14274
14269
14258
14250
14241
14240
14238
14236
14235
14224
14224
14218
14216
14212
14212
14209
14191
14184
14182
14181
14181
14173
14173
14167
14162
14156
14145
14119
14118
14095
14076
14073
14071
14057
14043
14035
14026
14023
14021
14015
14009
13996
13992
13984
13979
13977
13976
13961
13959
13956
13953
13948
13943
13923
13914
13908
13907
13907
13903
13898
13886
13886
13884
13877
13875
13873
13865
13863
13856
13844
13841
13837
13831
13829
13826
13821
13813
13808
13806
13802
13798
13785
13755
13749
13741
13734
13711
13710
13710
13707
13707
13705
13696
13695
13687
13684
13635
13633
13618
13615
13611
13611
13604
13604
13599
13598
13589
13585
13573
13572
13568
13566
13558
13556
13546
13542
13541
13524
13520
13510
13508
13508
13501
13501
13494
13486
13479
13476
13473
13467
13460
13454
13452
13451
13448
13448
13448
13444
13436
13426
13425
13421
13416
13416
13416
13407
13402
13402
13395
13392
13389
13389
13388
13387
13384
13381
13372
13366
13355
13348
13346
13328
13328
13322
13316
13304
13275
13273
13267
13261
13252
13251
13229
13227
13222
13220
13218
13216
13213
13207
13206
13201
13199
13195
13191
13178
13177
13176
13174
13169
13168
13163
13161
13160
13157
13154
13149
13142
13137
13136
13135
13129
13127
13123
13120
13115
13111
13101
13088
13087
13086
13083
13080
13071
13069
13067
13060
13058
13058
13056
13050
13048
13046
13043
13040
13036
13035
13033
13019
13014
13012
13007
12998
12994
12993
12992
12990
12990
12989
12983
12978
12966
12955
12941
12937
12935
12930
12926
12925
12924
12913
12913
12907
12902
12901
12899
12889
12876
12869
12868
12860
12844
12843
12833
12824
12824
12820
12817
12809
12808
12803
12783
12782
12774
12769
12764
12761
12753
12749
12744
12742
12741
12738
12737
12736
12733
12730
12730
12728
12727
12726
12724
12719
12717
12714
12714
12712
